0,0,0
0,0.5,0
0.43301,-0.25,0
-0.43301,-0.25,0
-1.2246e-16,0.5,0
0,1,0
0.86603,0.5,0
0.86603,-0.5,0
1.2246e-16,-1,0
-0.86603,-0.5,0
-0.86603,0.5,0
-2.4493e-16,1,0
0,1.5,0
0.96418,1.1491,0
1.4772,0.26047,0
1.299,-0.75,0
0.51303,-1.4095,0
-0.51303,-1.4095,0
-1.299,-0.75,0
-1.4772,0.26047,0
-0.96418,1.1491,0
-3.6739e-16,1.5,0
0,2,0
1,1.7321,0
1.7321,1,0
2,1.2246e-16,0
1.7321,-1,0
1,-1.7321,0
2.4493e-16,-2,0
-1,-1.7321,0
-1.7321,-1,0
-2,-3.6739e-16,0
-1.7321,1,0
-1,1.7321,0
-4.8986e-16,2,0
0,2.5,0
1.0168,2.2839,0
1.8579,1.6728,0
2.3776,0.77254,0
2.4863,-0.26132,0
2.1651,-1.25,0
1.4695,-2.0225,0
0.51978,-2.4454,0
-0.51978,-2.4454,0
-1.4695,-2.0225,0
-2.1651,-1.25,0
-2.4863,-0.26132,0
-2.3776,0.77254,0
-1.8579,1.6728,0
-1.0168,2.2839,0
-6.1232e-16,2.5,0
0,3,0
1.0261,2.8191,0
1.9284,2.2981,0
2.5981,1.5,0
2.9544,0.52094,0
2.9544,-0.52094,0
2.5981,-1.5,0
1.9284,-2.2981,0
1.0261,-2.8191,0
3.6739e-16,-3,0
-1.0261,-2.8191,0
-1.9284,-2.2981,0
-2.5981,-1.5,0
-2.9544,-0.52094,0
-2.9544,0.52094,0
-2.5981,1.5,0
-1.9284,2.2981,0
-1.0261,2.8191,0
-7.3479e-16,3,0
0,3.5,0
1.0316,3.3445,0
1.9716,2.8918,0
2.7364,2.1822,0
3.2581,1.2787,0
3.4902,0.26156,0
3.4122,-0.77882,0
3.0311,-1.75,0
2.3806,-2.5657,0
1.5186,-3.1534,0
0.52165,-3.4609,0
-0.52165,-3.4609,0
-1.5186,-3.1534,0
-2.3806,-2.5657,0
-3.0311,-1.75,0
-3.4122,-0.77882,0
-3.4902,0.26156,0
-3.2581,1.2787,0
-2.7364,2.1822,0
-1.9716,2.8918,0
-1.0316,3.3445,0
-8.5725e-16,3.5,0
0,4,0
0.99476,3.8743,0
1.927,3.5052,0
2.7382,2.9159,0
3.3773,2.1433,0
3.8042,1.2361,0
3.9921,0.25116,0
3.9291,-0.74953,0
3.6193,-1.7031,0
3.0821,-2.5497,0
2.3511,-3.2361,0
1.4725,-3.7191,0
0.50133,-3.9685,0
-0.50133,-3.9685,0
-1.4725,-3.7191,0
-2.3511,-3.2361,0
-3.0821,-2.5497,0
-3.6193,-1.7031,0
-3.9291,-0.74953,0
-3.9921,0.25116,0
-3.8042,1.2361,0
-3.3773,2.1433,0
-2.7382,2.9159,0
-1.927,3.5052,0
-0.99476,3.8743,0
2.573e-15,4,0
0,4.5,0
1.0013,4.3872,0
1.9525,4.0544,0
2.8057,3.5182,0
3.5182,2.8057,0
4.0544,1.9525,0
4.3872,1.0013,0
4.5,2.7555e-16,0
4.3872,-1.0013,0
4.0544,-1.9525,0
3.5182,-2.8057,0
2.8057,-3.5182,0
1.9525,-4.0544,0
1.0013,-4.3872,0
5.5109e-16,-4.5,0
-1.0013,-4.3872,0
-1.9525,-4.0544,0
-2.8057,-3.5182,0
-3.5182,-2.8057,0
-4.0544,-1.9525,0
-4.3872,-1.0013,0
-4.5,-8.2664e-16,0
-4.3872,1.0013,0
-4.0544,1.9525,0
-3.5182,2.8057,0
-2.8057,3.5182,0
-1.9525,4.0544,0
-1.0013,4.3872,0
-1.1022e-15,4.5,0
0,5,0
1.0065,4.8976,0
1.9718,4.5948,0
2.8563,4.1038,0
3.624,3.4448,0
4.2432,2.6448,0
4.6888,1.7365,0
4.9423,0.75714,0
4.9936,-0.25325,0
4.8404,-1.2533,0
4.489,-2.202,0
3.9539,-3.0605,0
3.2569,-3.7938,0
2.4265,-4.3717,0
1.4968,-4.7707,0
0.50584,-4.9743,0
-0.50584,-4.9743,0
-1.4968,-4.7707,0
-2.4265,-4.3717,0
-3.2569,-3.7938,0
-3.9539,-3.0605,0
-4.489,-2.202,0
-4.8404,-1.2533,0
-4.9936,-0.25325,0
-4.9423,0.75714,0
-4.6888,1.7365,0
-4.2432,2.6448,0
-3.624,3.4448,0
-2.8563,4.1038,0
-1.9718,4.5948,0
-1.0065,4.8976,0
-1.2246e-15,5,0
0,5.5,0
1.0106,5.4064,0
1.9868,5.1286,0
2.8954,4.6762,0
3.7053,4.0645,0
4.3891,3.3145,0
4.9234,2.4516,0
5.29,1.5051,0
5.4765,0.50748,0
5.4765,-0.50748,0
5.29,-1.5051,0
4.9234,-2.4516,0
4.3891,-3.3145,0
3.7053,-4.0645,0
2.8954,-4.6762,0
1.9868,-5.1286,0
1.0106,-5.4064,0
6.7356e-16,-5.5,0
-1.0106,-5.4064,0
-1.9868,-5.1286,0
-2.8954,-4.6762,0
-3.7053,-4.0645,0
-4.3891,-3.3145,0
-4.9234,-2.4516,0
-5.29,-1.5051,0
-5.4765,-0.50748,0
-5.4765,0.50748,0
-5.29,1.5051,0
-4.9234,2.4516,0
-4.3891,3.3145,0
-3.7053,4.0645,0
-2.8954,4.6762,0
-1.9868,5.1286,0
-1.0106,5.4064,0
-1.3471e-15,5.5,0
0,6,0
1.014,5.9137,0
1.9988,5.6573,0
2.9262,5.2381,0
3.7693,4.6682,0
4.504,3.964,0
5.1092,3.1458,0
5.5673,2.2371,0
5.8653,1.2641,0
5.9946,0.25465,0
5.9514,-0.76211,0
5.737,-1.7569,0
5.3576,-2.7012,0
4.824,-3.5678,0
4.1516,-4.3317,0
3.3598,-4.9711,0
2.4714,-5.4674,0
1.5119,-5.8064,0
0.50884,-5.9784,0
-0.50884,-5.9784,0
-1.5119,-5.8064,0
-2.4714,-5.4674,0
-3.3598,-4.9711,0
-4.1516,-4.3317,0
-4.824,-3.5678,0
-5.3576,-2.7012,0
-5.737,-1.7569,0
-5.9514,-0.76211,0
-5.9946,0.25465,0
-5.8653,1.2641,0
-5.5673,2.2371,0
-5.1092,3.1458,0
-4.504,3.964,0
-3.7693,4.6682,0
-2.9262,5.2381,0
-1.9988,5.6573,0
-1.014,5.9137,0
-1.4696e-15,6,0
0,6.5,0
1.0168,6.42,0
2.0086,6.1819,0
2.9509,5.7915,0
3.8206,5.2586,0
4.5962,4.5962,0
5.2586,3.8206,0
5.7915,2.9509,0
6.1819,2.0086,0
6.42,1.0168,0
6.5,3.9801e-16,0
6.42,-1.0168,0
6.1819,-2.0086,0
5.7915,-2.9509,0
5.2586,-3.8206,0
4.5962,-4.5962,0
3.8206,-5.2586,0
2.9509,-5.7915,0
2.0086,-6.1819,0
1.0168,-6.42,0
7.9602e-16,-6.5,0
-1.0168,-6.42,0
-2.0086,-6.1819,0
-2.9509,-5.7915,0
-3.8206,-5.2586,0
-4.5962,-4.5962,0
-5.2586,-3.8206,0
-5.7915,-2.9509,0
-6.1819,-2.0086,0
-6.42,-1.0168,0
-6.5,-1.194e-15,0
-6.42,1.0168,0
-6.1819,2.0086,0
-5.7915,2.9509,0
-5.2586,3.8206,0
-4.5962,4.5962,0
-3.8206,5.2586,0
-2.9509,5.7915,0
-2.0086,6.1819,0
-1.0168,6.42,0
-1.592e-15,6.5,0
0,7,0
1.0192,6.9254,0
2.0167,6.7032,0
2.9712,6.3381,0
3.8624,5.838,0
4.6712,5.2134,0
5.3805,4.4777,0
5.9752,3.6466,0
6.4424,2.7377,0
6.7724,1.7705,0
6.958,0.7656,0
6.9953,-0.25565,0
6.8836,-1.2715,0
6.6251,-2.2602,0
6.2254,-3.2007,0
5.693,-4.073,0
5.0393,-4.8585,0
4.2782,-5.5405,0
3.4259,-6.1043,0
2.5006,-6.5381,0
1.522,-6.8325,0
0.51097,-6.9813,0
-0.51097,-6.9813,0
-1.522,-6.8325,0
-2.5006,-6.5381,0
-3.4259,-6.1043,0
-4.2782,-5.5405,0
-5.0393,-4.8585,0
-5.693,-4.073,0
-6.2254,-3.2007,0
-6.6251,-2.2602,0
-6.8836,-1.2715,0
-6.9953,-0.25565,0
-6.958,0.7656,0
-6.7724,1.7705,0
-6.4424,2.7377,0
-5.9752,3.6466,0
-5.3805,4.4777,0
-4.6712,5.2134,0
-3.8624,5.838,0
-2.9712,6.3381,0
-2.0167,6.7032,0
-1.0192,6.9254,0
-1.7145e-15,7,0
0,7.5,0
0.99965,7.4331,0
1.9815,7.2335,0
2.9279,6.9049,0
3.8221,6.453,0
4.6481,5.886,0
5.3912,5.2139,0
6.038,4.4488,0
6.5771,3.6044,0
6.9989,2.6956,0
7.2957,1.7387,0
7.4623,0.75072,0
7.4958,-0.25061,0
7.3955,-1.2475,0
7.1633,-2.2221,0
6.8032,-3.157,0
6.3217,-4.0356,0
5.7274,-4.8422,0
5.0309,-5.5624,0
4.2446,-6.1833,0
3.3826,-6.6939,0
2.4602,-7.085,0
1.4939,-7.3497,0
0.50094,-7.4833,0
-0.50094,-7.4833,0
-1.4939,-7.3497,0
-2.4602,-7.085,0
-3.3826,-6.6939,0
-4.2446,-6.1833,0
-5.0309,-5.5624,0
-5.7274,-4.8422,0
-6.3217,-4.0356,0
-6.8032,-3.157,0
-7.1633,-2.2221,0
-7.3955,-1.2475,0
-7.4958,-0.25061,0
-7.4623,0.75072,0
-7.2957,1.7387,0
-6.9989,2.6956,0
-6.5771,3.6044,0
-6.038,4.4488,0
-5.3912,5.2139,0
-4.6481,5.886,0
-3.8221,6.453,0
-2.9279,6.9049,0
-1.9815,7.2335,0
-0.99965,7.4331,0
-1.837e-15,7.5,0
0,8,0
1.0027,7.9369,0
1.9895,7.7487,0
2.945,7.4382,0
3.854,7.0105,0
4.7023,6.4721,0
5.4764,5.8317,0
6.1641,5.0994,0
6.7546,4.2866,0
7.2386,3.4062,0
7.6085,2.4721,0
7.8583,1.4991,0
7.9842,0.50232,0
7.9842,-0.50232,0
7.8583,-1.4991,0
7.6085,-2.4721,0
7.2386,-3.4062,0
6.7546,-4.2866,0
6.1641,-5.0994,0
5.4764,-5.8317,0
4.7023,-6.4721,0
3.854,-7.0105,0
2.945,-7.4382,0
1.9895,-7.7487,0
1.0027,-7.9369,0
-2.573e-15,-8,0
-1.0027,-7.9369,0
-1.9895,-7.7487,0
-2.945,-7.4382,0
-3.854,-7.0105,0
-4.7023,-6.4721,0
-5.4764,-5.8317,0
-6.1641,-5.0994,0
-6.7546,-4.2866,0
-7.2386,-3.4062,0
-7.6085,-2.4721,0
-7.8583,-1.4991,0
-7.9842,-0.50232,0
-7.9842,0.50232,0
-7.8583,1.4991,0
-7.6085,2.4721,0
-7.2386,3.4062,0
-6.7546,4.2866,0
-6.1641,5.0994,0
-5.4764,5.8317,0
-4.7023,6.4721,0
-3.854,7.0105,0
-2.945,7.4382,0
-1.9895,7.7487,0
-1.0027,7.9369,0
5.146e-15,8,0
0,8.5,0
1.0053,8.4403,0
1.9965,8.2622,0
2.9597,7.9681,0
3.8813,7.5621,0
4.7485,7.0499,0
5.549,6.4388,0
6.2716,5.7374,0
6.9061,4.9553,0
7.4437,4.1037,0
7.8769,3.1945,0
8.1994,2.2405,0
8.4068,1.255,0
8.4963,0.25188,0
8.4664,-0.75477,0
8.3177,-1.7508,0
8.0523,-2.7223,0
7.6738,-3.6556,0
7.1876,-4.5375,0
6.6005,-5.3557,0
5.9207,-6.0988,0
5.1578,-6.7563,0
4.3225,-7.3189,0
3.4265,-7.7787,0
2.4825,-8.1294,0
1.5036,-8.366,0
0.50355,-8.4851,0
-0.50355,-8.4851,0
-1.5036,-8.366,0
-2.4825,-8.1294,0
-3.4265,-7.7787,0
-4.3225,-7.3189,0
-5.1578,-6.7563,0
-5.9207,-6.0988,0
-6.6005,-5.3557,0
-7.1876,-4.5375,0
-7.6738,-3.6556,0
-8.0523,-2.7223,0
-8.3177,-1.7508,0
-8.4664,-0.75477,0
-8.4963,0.25188,0
-8.4068,1.255,0
-8.1994,2.2405,0
-7.8769,3.1945,0
-7.4437,4.1037,0
-6.9061,4.9553,0
-6.2716,5.7374,0
-5.549,6.4388,0
-4.7485,7.0499,0
-3.8813,7.5621,0
-2.9597,7.9681,0
-1.9965,8.2622,0
-1.0053,8.4403,0
-2.0819e-15,8.5,0
0,9,0
1.0077,8.9434,0
2.0027,8.7744,0
2.9725,8.4949,0
3.905,8.1087,0
4.7883,7.6205,0
5.6114,7.0365,0
6.364,6.364,0
7.0365,5.6114,0
7.6205,4.7883,0
8.1087,3.905,0
8.4949,2.9725,0
8.7744,2.0027,0
8.9434,1.0077,0
9,5.5109e-16,0
8.9434,-1.0077,0
8.7744,-2.0027,0
8.4949,-2.9725,0
8.1087,-3.905,0
7.6205,-4.7883,0
7.0365,-5.6114,0
6.364,-6.364,0
5.6114,-7.0365,0
4.7883,-7.6205,0
3.905,-8.1087,0
2.9725,-8.4949,0
2.0027,-8.7744,0
1.0077,-8.9434,0
1.1022e-15,-9,0
-1.0077,-8.9434,0
-2.0027,-8.7744,0
-2.9725,-8.4949,0
-3.905,-8.1087,0
-4.7883,-7.6205,0
-5.6114,-7.0365,0
-6.364,-6.364,0
-7.0365,-5.6114,0
-7.6205,-4.7883,0
-8.1087,-3.905,0
-8.4949,-2.9725,0
-8.7744,-2.0027,0
-8.9434,-1.0077,0
-9,-1.6533e-15,0
-8.9434,1.0077,0
-8.7744,2.0027,0
-8.4949,2.9725,0
-8.1087,3.905,0
-7.6205,4.7883,0
-7.0365,5.6114,0
-6.364,6.364,0
-5.6114,7.0365,0
-4.7883,7.6205,0
-3.905,8.1087,0
-2.9725,8.4949,0
-2.0027,8.7744,0
-1.0077,8.9434,0
-2.2044e-15,9,0
0,9.5,0
1.0098,9.4462,0
2.0081,9.2853,0
2.9837,9.0193,0
3.9255,8.651,0
4.8228,8.1848,0
5.6655,7.6258,0
6.444,6.9804,0
7.1494,6.2559,0
7.7739,5.4605,0
8.3102,4.6032,0
8.7525,3.6938,0
9.0955,2.7426,0
9.3355,1.7602,0
9.4697,0.75797,0
9.4966,-0.25289,0
9.416,-1.2609,0
9.2286,-2.2546,0
8.9367,-3.2228,0
8.5435,-4.1544,0
8.0535,-5.039,0
7.4722,-5.8665,0
6.8063,-6.6275,0
6.0633,-7.3134,0
5.2516,-7.9165,0
4.3804,-8.4298,0
3.4595,-8.8477,0
2.4995,-9.1653,0
1.5111,-9.379,0
0.50561,-9.4865,0
-0.50561,-9.4865,0
-1.5111,-9.379,0
-2.4995,-9.1653,0
-3.4595,-8.8477,0
-4.3804,-8.4298,0
-5.2516,-7.9165,0
-6.0633,-7.3134,0
-6.8063,-6.6275,0
-7.4722,-5.8665,0
-8.0535,-5.039,0
-8.5435,-4.1544,0
-8.9367,-3.2228,0
-9.2286,-2.2546,0
-9.416,-1.2609,0
-9.4966,-0.25289,0
-9.4697,0.75797,0
-9.3355,1.7602,0
-9.0955,2.7426,0
-8.7525,3.6938,0
-8.3102,4.6032,0
-7.7739,5.4605,0
-7.1494,6.2559,0
-6.444,6.9804,0
-5.6655,7.6258,0
-4.8228,8.1848,0
-3.9255,8.651,0
-2.9837,9.0193,0
-2.0081,9.2853,0
-1.0098,9.4462,0
-2.3268e-15,9.5,0
0,10,0
1.0117,9.9487,0
2.013,9.7953,0
2.9936,9.5414,0
3.9436,9.1896,0
4.853,8.7435,0
5.7127,8.2076,0
6.5137,7.5876,0
7.2479,6.8897,0
7.9078,6.1211,0
8.4864,5.2896,0
8.978,4.4039,0
9.3775,3.4731,0
9.6808,2.5065,0
9.8847,1.5143,0
9.9872,0.50649,0
9.9872,-0.50649,0
9.8847,-1.5143,0
9.6808,-2.5065,0
9.3775,-3.4731,0
8.978,-4.4039,0
8.4864,-5.2896,0
7.9078,-6.1211,0
7.2479,-6.8897,0
6.5137,-7.5876,0
5.7127,-8.2076,0
4.853,-8.7435,0
3.9436,-9.1896,0
2.9936,-9.5414,0
2.013,-9.7953,0
1.0117,-9.9487,0
1.2246e-15,-10,0
-1.0117,-9.9487,0
-2.013,-9.7953,0
-2.9936,-9.5414,0
-3.9436,-9.1896,0
-4.853,-8.7435,0
-5.7127,-8.2076,0
-6.5137,-7.5876,0
-7.2479,-6.8897,0
-7.9078,-6.1211,0
-8.4864,-5.2896,0
-8.978,-4.4039,0
-9.3775,-3.4731,0
-9.6808,-2.5065,0
-9.8847,-1.5143,0
-9.9872,-0.50649,0
-9.9872,0.50649,0
-9.8847,1.5143,0
-9.6808,2.5065,0
-9.3775,3.4731,0
-8.978,4.4039,0
-8.4864,5.2896,0
-7.9078,6.1211,0
-7.2479,6.8897,0
-6.5137,7.5876,0
-5.7127,8.2076,0
-4.853,8.7435,0
-3.9436,9.1896,0
-2.9936,9.5414,0
-2.013,9.7953,0
-1.0117,9.9487,0
-2.4493e-15,10,0
0,10.5,0
1.0134,10.451,0
2.0173,10.304,0
3.0024,10.062,0
3.9595,9.7248,0
4.8796,9.2973,0
5.7541,8.7829,0
6.5749,8.1866,0
7.3344,7.5138,0
8.0253,6.7708,0
8.6413,5.9647,0
9.1767,5.1028,0
9.6263,4.1933,0
9.9861,3.2447,0
10.253,2.2657,0
10.423,1.2656,0
10.497,0.25372,0
10.472,-0.76057,0
10.35,-1.7677,0
10.131,-2.7584,0
9.8177,-3.7234,0
9.4125,-4.6535,0
8.9194,-5.5402,0
8.3431,-6.3752,0
7.6888,-7.1507,0
6.9628,-7.8594,0
6.1717,-8.4947,0
5.3231,-9.0507,0
4.4247,-9.5222,0
3.485,-9.9048,0
2.5128,-10.195,0
1.5171,-10.39,0
0.50729,-10.488,0
-0.50729,-10.488,0
-1.5171,-10.39,0
-2.5128,-10.195,0
-3.485,-9.9048,0
-4.4247,-9.5222,0
-5.3231,-9.0507,0
-6.1717,-8.4947,0
-6.9628,-7.8594,0
-7.6888,-7.1507,0
-8.3431,-6.3752,0
-8.9194,-5.5402,0
-9.4125,-4.6535,0
-9.8177,-3.7234,0
-10.131,-2.7584,0
-10.35,-1.7677,0
-10.472,-0.76057,0
-10.497,0.25372,0
-10.423,1.2656,0
-10.253,2.2657,0
-9.9861,3.2447,0
-9.6263,4.1933,0
-9.1767,5.1028,0
-8.6413,5.9647,0
-8.0253,6.7708,0
-7.3344,7.5138,0
-6.5749,8.1866,0
-5.7541,8.7829,0
-4.8796,9.2973,0
-3.9595,9.7248,0
-3.0024,10.062,0
-2.0173,10.304,0
-1.0134,10.451,0
-2.5718e-15,10.5,0
0,11,0
1.0003,10.954,0
1.9923,10.818,0
2.9678,10.592,0
3.9187,10.278,0
4.8371,9.8794,0
5.7154,9.3986,0
6.5464,8.8399,0
7.3231,8.208,0
8.0392,7.5081,0
8.6886,6.7459,0
9.2661,5.9279,0
9.7667,5.0607,0
10.186,4.1516,0
10.522,3.2081,0
10.77,2.238,0
10.929,1.2494,0
10.997,0.2504,0
10.974,-0.75067,0
10.861,-1.7455,0
10.657,-2.7259,0
10.365,-3.6837,0
9.987,-4.6109,0
9.5263,-5.5,0
8.9867,-6.3435,0
8.3726,-7.1344,0
7.6891,-7.8662,0
6.942,-8.5328,0
6.1373,-9.1287,0
5.2817,-9.649,0
4.3824,-10.089,0
3.4468,-10.446,0
2.4826,-10.716,0
1.4978,-10.898,0
0.50066,-10.989,0
-0.50066,-10.989,0
-1.4978,-10.898,0
-2.4826,-10.716,0
-3.4468,-10.446,0
-4.3824,-10.089,0
-5.2817,-9.649,0
-6.1373,-9.1287,0
-6.942,-8.5328,0
-7.6891,-7.8662,0
-8.3726,-7.1344,0
-8.9867,-6.3435,0
-9.5263,-5.5,0
-9.987,-4.6109,0
-10.365,-3.6837,0
-10.657,-2.7259,0
-10.861,-1.7455,0
-10.974,-0.75067,0
-10.997,0.2504,0
-10.929,1.2494,0
-10.77,2.238,0
-10.522,3.2081,0
-10.186,4.1516,0
-9.7667,5.0607,0
-9.2661,5.9279,0
-8.6886,6.7459,0
-8.0392,7.5081,0
-7.3231,8.208,0
-6.5464,8.8399,0
-5.7154,9.3986,0
-4.8371,9.8794,0
-3.9187,10.278,0
-2.9678,10.592,0
-1.9923,10.818,0
-1.0003,10.954,0
-2.6942e-15,11,0
0,11.5,0
1.0023,11.456,0
1.997,11.325,0
2.9764,11.108,0
3.9332,10.806,0
4.8601,10.423,0
5.75,9.9593,0
6.5961,9.4202,0
7.3921,8.8095,0
8.1317,8.1317,0
8.8095,7.3921,0
9.4202,6.5961,0
9.9593,5.75,0
10.423,4.8601,0
10.806,3.9332,0
11.108,2.9764,0
11.325,1.997,0
11.456,1.0023,0
11.5,7.0417e-16,0
11.456,-1.0023,0
11.325,-1.997,0
11.108,-2.9764,0
10.806,-3.9332,0
10.423,-4.8601,0
9.9593,-5.75,0
9.4202,-6.5961,0
8.8095,-7.3921,0
8.1317,-8.1317,0
7.3921,-8.8095,0
6.5961,-9.4202,0
5.75,-9.9593,0
4.8601,-10.423,0
3.9332,-10.806,0
2.9764,-11.108,0
1.997,-11.325,0
1.0023,-11.456,0
1.4083e-15,-11.5,0
-1.0023,-11.456,0
-1.997,-11.325,0
-2.9764,-11.108,0
-3.9332,-10.806,0
-4.8601,-10.423,0
-5.75,-9.9593,0
-6.5961,-9.4202,0
-7.3921,-8.8095,0
-8.1317,-8.1317,0
-8.8095,-7.3921,0
-9.4202,-6.5961,0
-9.9593,-5.75,0
-10.423,-4.8601,0
-10.806,-3.9332,0
-11.108,-2.9764,0
-11.325,-1.997,0
-11.456,-1.0023,0
-11.5,-2.1125e-15,0
-11.456,1.0023,0
-11.325,1.997,0
-11.108,2.9764,0
-10.806,3.9332,0
-10.423,4.8601,0
-9.9593,5.75,0
-9.4202,6.5961,0
-8.8095,7.3921,0
-8.1317,8.1317,0
-7.3921,8.8095,0
-6.5961,9.4202,0
-5.75,9.9593,0
-4.8601,10.423,0
-3.9332,10.806,0
-2.9764,11.108,0
-1.997,11.325,0
-1.0023,11.456,0
-2.8167e-15,11.5,0
0,12,0
1.0041,11.958,0
2.0012,11.832,0
2.9843,11.623,0
3.9464,11.333,0
4.8808,10.963,0
5.781,10.516,0
6.6407,9.9951,0
7.4538,9.4043,0
8.2146,8.7476,0
8.9177,8.0296,0
9.5584,7.2552,0
10.132,6.4299,0
10.634,5.5596,0
11.062,4.6502,0
11.413,3.7082,0
11.683,2.7402,0
11.871,1.753,0
11.976,0.75349,0
11.997,-0.25131,0
11.934,-1.2543,0
11.787,-2.2486,0
11.558,-3.227,0
11.247,-4.1829,0
10.858,-5.1094,0
10.392,-6,0
9.8538,-6.8486,0
9.2462,-7.6491,0
8.5737,-8.396,0
7.841,-9.0839,0
7.0534,-9.7082,0
6.2163,-10.264,0
5.3356,-10.749,0
4.4175,-11.157,0
3.4684,-11.488,0
2.4949,-11.738,0
1.504,-11.905,0
0.50251,-11.989,0
-0.50251,-11.989,0
-1.504,-11.905,0
-2.4949,-11.738,0
-3.4684,-11.488,0
-4.4175,-11.157,0
-5.3356,-10.749,0
-6.2163,-10.264,0
-7.0534,-9.7082,0
-7.841,-9.0839,0
-8.5737,-8.396,0
-9.2462,-7.6491,0
-9.8538,-6.8486,0
-10.392,-6,0
-10.858,-5.1094,0
-11.247,-4.1829,0
-11.558,-3.227,0
-11.787,-2.2486,0
-11.934,-1.2543,0
-11.997,-0.25131,0
-11.976,0.75349,0
-11.871,1.753,0
-11.683,2.7402,0
-11.413,3.7082,0
-11.062,4.6502,0
-10.634,5.5596,0
-10.132,6.4299,0
-9.5584,7.2552,0
-8.9177,8.0296,0
-8.2146,8.7476,0
-7.4538,9.4043,0
-6.6407,9.9951,0
-5.781,10.516,0
-4.8808,10.963,0
-3.9464,11.333,0
-2.9843,11.623,0
-2.0012,11.832,0
-1.0041,11.958,0
-1.3597e-14,12,0
0,12.5,0
1.0058,12.459,0
2.0051,12.338,0
2.9914,12.137,0
3.9583,11.857,0
4.8996,11.5,0
5.809,11.068,0
6.6808,10.565,0
7.5093,9.993,0
8.289,9.3564,0
9.015,8.6591,0
9.6826,7.9056,0
10.287,7.1008,0
10.825,6.25,0
11.293,5.3587,0
11.688,4.4326,0
12.006,3.4777,0
12.247,2.5003,0
12.409,1.5067,0
12.49,0.50332,0
12.49,-0.50332,0
12.409,-1.5067,0
12.247,-2.5003,0
12.006,-3.4777,0
11.688,-4.4326,0
11.293,-5.3587,0
10.825,-6.25,0
10.287,-7.1008,0
9.6826,-7.9056,0
9.015,-8.6591,0
8.289,-9.3564,0
7.5093,-9.993,0
6.6808,-10.565,0
5.809,-11.068,0
4.8996,-11.5,0
3.9583,-11.857,0
2.9914,-12.137,0
2.0051,-12.338,0
1.0058,-12.459,0
1.5308e-15,-12.5,0
-1.0058,-12.459,0
-2.0051,-12.338,0
-2.9914,-12.137,0
-3.9583,-11.857,0
-4.8996,-11.5,0
-5.809,-11.068,0
-6.6808,-10.565,0
-7.5093,-9.993,0
-8.289,-9.3564,0
-9.015,-8.6591,0
-9.6826,-7.9056,0
-10.287,-7.1008,0
-10.825,-6.25,0
-11.293,-5.3587,0
-11.688,-4.4326,0
-12.006,-3.4777,0
-12.247,-2.5003,0
-12.409,-1.5067,0
-12.49,-0.50332,0
-12.49,0.50332,0
-12.409,1.5067,0
-12.247,2.5003,0
-12.006,3.4777,0
-11.688,4.4326,0
-11.293,5.3587,0
-10.825,6.25,0
-10.287,7.1008,0
-9.6826,7.9056,0
-9.015,8.6591,0
-8.289,9.3564,0
-7.5093,9.993,0
-6.6808,10.565,0
-5.809,11.068,0
-4.8996,11.5,0
-3.9583,11.857,0
-2.9914,12.137,0
-2.0051,12.338,0
-1.0058,12.459,0
-3.0616e-15,12.5,0
0,13,0
1.0074,12.961,0
2.0087,12.844,0
2.998,12.65,0
3.9692,12.379,0
4.9166,12.034,0
5.8344,11.617,0
6.7171,11.13,0
7.5594,10.576,0
8.3562,9.9586,0
9.1028,9.2811,0
9.7947,8.5478,0
10.428,7.7631,0
10.998,6.9317,0
11.502,6.0586,0
11.937,5.149,0
12.3,4.2085,0
12.589,3.2427,0
12.803,2.2574,0
12.939,1.2585,0
12.998,0.25209,0
12.978,-0.75588,0
12.88,-1.7593,0
12.705,-2.7522,0
12.454,-3.7284,0
12.127,-4.6823,0
11.728,-5.608,0
11.258,-6.5,0
10.721,-7.3529,0
10.119,-8.1616,0
9.4559,-8.9211,0
8.7361,-9.6271,0
7.9638,-10.275,0
7.1436,-10.861,0
6.2805,-11.382,0
5.3795,-11.835,0
4.4463,-12.216,0
3.4862,-12.524,0
2.5053,-12.756,0
1.5092,-12.912,0
0.50408,-12.99,0
-0.50408,-12.99,0
-1.5092,-12.912,0
-2.5053,-12.756,0
-3.4862,-12.524,0
-4.4463,-12.216,0
-5.3795,-11.835,0
-6.2805,-11.382,0
-7.1436,-10.861,0
-7.9638,-10.275,0
-8.7361,-9.6271,0
-9.4559,-8.9211,0
-10.119,-8.1616,0
-10.721,-7.3529,0
-11.258,-6.5,0
-11.728,-5.608,0
-12.127,-4.6823,0
-12.454,-3.7284,0
-12.705,-2.7522,0
-12.88,-1.7593,0
-12.978,-0.75588,0
-12.998,0.25209,0
-12.939,1.2585,0
-12.803,2.2574,0
-12.589,3.2427,0
-12.3,4.2085,0
-11.937,5.149,0
-11.502,6.0586,0
-10.998,6.9317,0
-10.428,7.7631,0
-9.7947,8.5478,0
-9.1028,9.2811,0
-8.3562,9.9586,0
-7.5594,10.576,0
-6.7171,11.13,0
-5.8344,11.617,0
-4.9166,12.034,0
-3.9692,12.379,0
-2.998,12.65,0
-2.0087,12.844,0
-1.0074,12.961,0
-3.1841e-15,13,0
0,13.5,0
1.0089,13.462,0
2.0121,13.349,0
3.004,13.162,0
3.9792,12.9,0
4.9321,12.567,0
5.8574,12.163,0
6.75,11.691,0
7.6048,11.154,0
8.4171,10.555,0
9.1823,9.8962,0
9.8962,9.1823,0
10.555,8.4171,0
11.154,7.6048,0
11.691,6.75,0
12.163,5.8574,0
12.567,4.9321,0
12.9,3.9792,0
13.162,3.004,0
13.349,2.0121,0
13.462,1.0089,0
13.5,8.2664e-16,0
13.462,-1.0089,0
13.349,-2.0121,0
13.162,-3.004,0
12.9,-3.9792,0
12.567,-4.9321,0
12.163,-5.8574,0
11.691,-6.75,0
11.154,-7.6048,0
10.555,-8.4171,0
9.8962,-9.1823,0
9.1823,-9.8962,0
8.4171,-10.555,0
7.6048,-11.154,0
6.75,-11.691,0
5.8574,-12.163,0
4.9321,-12.567,0
3.9792,-12.9,0
3.004,-13.162,0
2.0121,-13.349,0
1.0089,-13.462,0
1.6533e-15,-13.5,0
-1.0089,-13.462,0
-2.0121,-13.349,0
-3.004,-13.162,0
-3.9792,-12.9,0
-4.9321,-12.567,0
-5.8574,-12.163,0
-6.75,-11.691,0
-7.6048,-11.154,0
-8.4171,-10.555,0
-9.1823,-9.8962,0
-9.8962,-9.1823,0
-10.555,-8.4171,0
-11.154,-7.6048,0
-11.691,-6.75,0
-12.163,-5.8574,0
-12.567,-4.9321,0
-12.9,-3.9792,0
-13.162,-3.004,0
-13.349,-2.0121,0
-13.462,-1.0089,0
-13.5,-2.4799e-15,0
-13.462,1.0089,0
-13.349,2.0121,0
-13.162,3.004,0
-12.9,3.9792,0
-12.567,4.9321,0
-12.163,5.8574,0
-11.691,6.75,0
-11.154,7.6048,0
-10.555,8.4171,0
-9.8962,9.1823,0
-9.1823,9.8962,0
-8.4171,10.555,0
-7.6048,11.154,0
-6.75,11.691,0
-5.8574,12.163,0
-4.9321,12.567,0
-3.9792,12.9,0
-3.004,13.162,0
-2.0121,13.349,0
-1.0089,13.462,0
-3.3065e-15,13.5,0
0,14,0
1.0102,13.964,0
2.0152,13.854,0
3.0096,13.673,0
3.9883,13.42,0
4.9463,13.097,0
5.8784,12.706,0
6.78,12.249,0
7.6461,11.728,0
8.4724,11.145,0
9.2546,10.505,0
9.9885,9.8097,0
10.67,9.0634,0
11.296,8.2698,0
11.864,7.4332,0
12.369,6.5577,0
12.81,5.6481,0
13.184,4.709,0
13.49,3.7454,0
13.725,2.7622,0
13.888,1.7647,0
13.979,0.75794,0
13.998,-0.25276,0
13.943,-1.2621,0
13.816,-2.2649,0
13.616,-3.2559,0
13.346,-4.23,0
13.006,-5.1819,0
12.598,-6.1069,0
12.124,-7,0
11.588,-7.8566,0
10.991,-8.6723,0
10.336,-9.4427,0
9.6278,-10.164,0
8.8693,-10.832,0
8.0645,-11.444,0
7.2178,-11.996,0
6.3333,-12.486,0
5.4159,-12.91,0
4.4702,-13.267,0
3.5012,-13.555,0
2.514,-13.772,0
1.5137,-13.918,0
0.50543,-13.991,0
-0.50543,-13.991,0
-1.5137,-13.918,0
-2.514,-13.772,0
-3.5012,-13.555,0
-4.4702,-13.267,0
-5.4159,-12.91,0
-6.3333,-12.486,0
-7.2178,-11.996,0
-8.0645,-11.444,0
-8.8693,-10.832,0
-9.6278,-10.164,0
-10.336,-9.4427,0
-10.991,-8.6723,0
-11.588,-7.8566,0
-12.124,-7,0
-12.598,-6.1069,0
-13.006,-5.1819,0
-13.346,-4.23,0
-13.616,-3.2559,0
-13.816,-2.2649,0
-13.943,-1.2621,0
-13.998,-0.25276,0
-13.979,0.75794,0
-13.888,1.7647,0
-13.725,2.7622,0
-13.49,3.7454,0
-13.184,4.709,0
-12.81,5.6481,0
-12.369,6.5577,0
-11.864,7.4332,0
-11.296,8.2698,0
-10.67,9.0634,0
-9.9885,9.8097,0
-9.2546,10.505,0
-8.4724,11.145,0
-7.6461,11.728,0
-6.78,12.249,0
-5.8784,12.706,0
-4.9463,13.097,0
-3.9883,13.42,0
-3.0096,13.673,0
-2.0152,13.854,0
-1.0102,13.964,0
-3.429e-15,14,0
0,14.5,0
1.0004,14.465,0
1.996,14.362,0
2.9821,14.19,0
3.954,13.95,0
4.907,13.644,0
5.8366,13.273,0
6.7385,12.839,0
7.6082,12.344,0
8.4417,11.789,0
9.2349,11.179,0
9.9842,10.515,0
10.686,9.8012,0
11.337,9.0406,0
11.933,8.2369,0
12.473,7.394,0
12.954,6.5159,0
13.372,5.6067,0
13.727,4.6707,0
14.017,3.7126,0
14.239,2.7367,0
14.394,1.7478,0
14.481,0.75054,0
14.498,-0.25028,0
14.446,-1.2499,0
14.325,-2.2436,0
14.136,-3.2266,0
13.88,-4.1942,0
13.558,-5.1418,0
13.171,-6.0649,0
12.721,-6.9591,0
12.21,-7.8201,0
11.642,-8.6439,0
11.018,-9.4265,0
10.341,-10.164,0
9.6153,-10.853,0
8.8436,-11.491,0
8.0297,-12.074,0
7.1776,-12.599,0
6.2913,-13.064,0
5.375,-13.467,0
4.4331,-13.806,0
3.4701,-14.079,0
2.4905,-14.285,0
1.4991,-14.422,0
0.50048,-14.491,0
-0.50048,-14.491,0
-1.4991,-14.422,0
-2.4905,-14.285,0
-3.4701,-14.079,0
-4.4331,-13.806,0
-5.375,-13.467,0
-6.2913,-13.064,0
-7.1776,-12.599,0
-8.0297,-12.074,0
-8.8436,-11.491,0
-9.6153,-10.853,0
-10.341,-10.164,0
-11.018,-9.4265,0
-11.642,-8.6439,0
-12.21,-7.8201,0
-12.721,-6.9591,0
-13.171,-6.0649,0
-13.558,-5.1418,0
-13.88,-4.1942,0
-14.136,-3.2266,0
-14.325,-2.2436,0
-14.446,-1.2499,0
-14.498,-0.25028,0
-14.481,0.75054,0
-14.394,1.7478,0
-14.239,2.7367,0
-14.017,3.7126,0
-13.727,4.6707,0
-13.372,5.6067,0
-12.954,6.5159,0
-12.473,7.394,0
-11.933,8.2369,0
-11.337,9.0406,0
-10.686,9.8012,0
-9.9842,10.515,0
-9.2349,11.179,0
-8.4417,11.789,0
-7.6082,12.344,0
-6.7385,12.839,0
-5.8366,13.273,0
-4.907,13.644,0
-3.954,13.95,0
-2.9821,14.19,0
-1.996,14.362,0
-1.0004,14.465,0
-3.5515e-15,14.5,0
0,15,0
1.0019,14.967,0
1.9993,14.866,0
2.9878,14.699,0
3.9629,14.467,0
4.9204,14.17,0
5.8558,13.81,0
6.7652,13.388,0
7.6442,12.906,0
8.4892,12.367,0
9.2962,11.772,0
10.062,11.125,0
10.782,10.428,0
11.455,9.6844,0
12.076,8.8977,0
12.643,8.0712,0
13.154,7.2087,0
13.606,6.314,0
13.998,5.3911,0
14.327,4.4441,0
14.591,3.4773,0
14.791,2.4949,0
14.925,1.5014,0
14.992,0.50122,0
14.992,-0.50122,0
14.925,-1.5014,0
14.791,-2.4949,0
14.591,-3.4773,0
14.327,-4.4441,0
13.998,-5.3911,0
13.606,-6.314,0
13.154,-7.2087,0
12.643,-8.0712,0
12.076,-8.8977,0
11.455,-9.6844,0
10.782,-10.428,0
10.062,-11.125,0
9.2962,-11.772,0
8.4892,-12.367,0
7.6442,-12.906,0
6.7652,-13.388,0
5.8558,-13.81,0
4.9204,-14.17,0
3.9629,-14.467,0
2.9878,-14.699,0
1.9993,-14.866,0
1.0019,-14.967,0
1.837e-15,-15,0
-1.0019,-14.967,0
-1.9993,-14.866,0
-2.9878,-14.699,0
-3.9629,-14.467,0
-4.9204,-14.17,0
-5.8558,-13.81,0
-6.7652,-13.388,0
-7.6442,-12.906,0
-8.4892,-12.367,0
-9.2962,-11.772,0
-10.062,-11.125,0
-10.782,-10.428,0
-11.455,-9.6844,0
-12.076,-8.8977,0
-12.643,-8.0712,0
-13.154,-7.2087,0
-13.606,-6.314,0
-13.998,-5.3911,0
-14.327,-4.4441,0
-14.591,-3.4773,0
-14.791,-2.4949,0
-14.925,-1.5014,0
-14.992,-0.50122,0
-14.992,0.50122,0
-14.925,1.5014,0
-14.791,2.4949,0
-14.591,3.4773,0
-14.327,4.4441,0
-13.998,5.3911,0
-13.606,6.314,0
-13.154,7.2087,0
-12.643,8.0712,0
-12.076,8.8977,0
-11.455,9.6844,0
-10.782,10.428,0
-10.062,11.125,0
-9.2962,11.772,0
-8.4892,12.367,0
-7.6442,12.906,0
-6.7652,13.388,0
-5.8558,13.81,0
-4.9204,14.17,0
-3.9629,14.467,0
-2.9878,14.699,0
-1.9993,14.866,0
-1.0019,14.967,0
-3.6739e-15,15,0
0,15,1
1.0019,14.967,1
1.9993,14.866,1
2.9878,14.699,1
3.9629,14.467,1
4.9204,14.17,1
5.8558,13.81,1
6.7652,13.388,1
7.6442,12.906,1
8.4892,12.367,1
9.2962,11.772,1
10.062,11.125,1
10.782,10.428,1
11.455,9.6844,1
12.076,8.8977,1
12.643,8.0712,1
13.154,7.2087,1
13.606,6.314,1
13.998,5.3911,1
14.327,4.4441,1
14.591,3.4773,1
14.791,2.4949,1
14.925,1.5014,1
14.992,0.50122,1
14.992,-0.50122,1
14.925,-1.5014,1
14.791,-2.4949,1
14.591,-3.4773,1
14.327,-4.4441,1
13.998,-5.3911,1
13.606,-6.314,1
13.154,-7.2087,1
12.643,-8.0712,1
12.076,-8.8977,1
11.455,-9.6844,1
10.782,-10.428,1
10.062,-11.125,1
9.2962,-11.772,1
8.4892,-12.367,1
7.6442,-12.906,1
6.7652,-13.388,1
5.8558,-13.81,1
4.9204,-14.17,1
3.9629,-14.467,1
2.9878,-14.699,1
1.9993,-14.866,1
1.0019,-14.967,1
1.837e-15,-15,1
-1.0019,-14.967,1
-1.9993,-14.866,1
-2.9878,-14.699,1
-3.9629,-14.467,1
-4.9204,-14.17,1
-5.8558,-13.81,1
-6.7652,-13.388,1
-7.6442,-12.906,1
-8.4892,-12.367,1
-9.2962,-11.772,1
-10.062,-11.125,1
-10.782,-10.428,1
-11.455,-9.6844,1
-12.076,-8.8977,1
-12.643,-8.0712,1
-13.154,-7.2087,1
-13.606,-6.314,1
-13.998,-5.3911,1
-14.327,-4.4441,1
-14.591,-3.4773,1
-14.791,-2.4949,1
-14.925,-1.5014,1
-14.992,-0.50122,1
-14.992,0.50122,1
-14.925,1.5014,1
-14.791,2.4949,1
-14.591,3.4773,1
-14.327,4.4441,1
-13.998,5.3911,1
-13.606,6.314,1
-13.154,7.2087,1
-12.643,8.0712,1
-12.076,8.8977,1
-11.455,9.6844,1
-10.782,10.428,1
-10.062,11.125,1
-9.2962,11.772,1
-8.4892,12.367,1
-7.6442,12.906,1
-6.7652,13.388,1
-5.8558,13.81,1
-4.9204,14.17,1
-3.9629,14.467,1
-2.9878,14.699,1
-1.9993,14.866,1
-1.0019,14.967,1
-3.6739e-15,15,1
0,15,2
1.0019,14.967,2
1.9993,14.866,2
2.9878,14.699,2
3.9629,14.467,2
4.9204,14.17,2
5.8558,13.81,2
6.7652,13.388,2
7.6442,12.906,2
8.4892,12.367,2
9.2962,11.772,2
10.062,11.125,2
10.782,10.428,2
11.455,9.6844,2
12.076,8.8977,2
12.643,8.0712,2
13.154,7.2087,2
13.606,6.314,2
13.998,5.3911,2
14.327,4.4441,2
14.591,3.4773,2
14.791,2.4949,2
14.925,1.5014,2
14.992,0.50122,2
14.992,-0.50122,2
14.925,-1.5014,2
14.791,-2.4949,2
14.591,-3.4773,2
14.327,-4.4441,2
13.998,-5.3911,2
13.606,-6.314,2
13.154,-7.2087,2
12.643,-8.0712,2
12.076,-8.8977,2
11.455,-9.6844,2
10.782,-10.428,2
10.062,-11.125,2
9.2962,-11.772,2
8.4892,-12.367,2
7.6442,-12.906,2
6.7652,-13.388,2
5.8558,-13.81,2
4.9204,-14.17,2
3.9629,-14.467,2
2.9878,-14.699,2
1.9993,-14.866,2
1.0019,-14.967,2
1.837e-15,-15,2
-1.0019,-14.967,2
-1.9993,-14.866,2
-2.9878,-14.699,2
-3.9629,-14.467,2
-4.9204,-14.17,2
-5.8558,-13.81,2
-6.7652,-13.388,2
-7.6442,-12.906,2
-8.4892,-12.367,2
-9.2962,-11.772,2
-10.062,-11.125,2
-10.782,-10.428,2
-11.455,-9.6844,2
-12.076,-8.8977,2
-12.643,-8.0712,2
-13.154,-7.2087,2
-13.606,-6.314,2
-13.998,-5.3911,2
-14.327,-4.4441,2
-14.591,-3.4773,2
-14.791,-2.4949,2
-14.925,-1.5014,2
-14.992,-0.50122,2
-14.992,0.50122,2
-14.925,1.5014,2
-14.791,2.4949,2
-14.591,3.4773,2
-14.327,4.4441,2
-13.998,5.3911,2
-13.606,6.314,2
-13.154,7.2087,2
-12.643,8.0712,2
-12.076,8.8977,2
-11.455,9.6844,2
-10.782,10.428,2
-10.062,11.125,2
-9.2962,11.772,2
-8.4892,12.367,2
-7.6442,12.906,2
-6.7652,13.388,2
-5.8558,13.81,2
-4.9204,14.17,2
-3.9629,14.467,2
-2.9878,14.699,2
-1.9993,14.866,2
-1.0019,14.967,2
-3.6739e-15,15,2
0,15,3
1.0019,14.967,3
1.9993,14.866,3
2.9878,14.699,3
3.9629,14.467,3
4.9204,14.17,3
5.8558,13.81,3
6.7652,13.388,3
7.6442,12.906,3
8.4892,12.367,3
9.2962,11.772,3
10.062,11.125,3
10.782,10.428,3
11.455,9.6844,3
12.076,8.8977,3
12.643,8.0712,3
13.154,7.2087,3
13.606,6.314,3
13.998,5.3911,3
14.327,4.4441,3
14.591,3.4773,3
14.791,2.4949,3
14.925,1.5014,3
14.992,0.50122,3
14.992,-0.50122,3
14.925,-1.5014,3
14.791,-2.4949,3
14.591,-3.4773,3
14.327,-4.4441,3
13.998,-5.3911,3
13.606,-6.314,3
13.154,-7.2087,3
12.643,-8.0712,3
12.076,-8.8977,3
11.455,-9.6844,3
10.782,-10.428,3
10.062,-11.125,3
9.2962,-11.772,3
8.4892,-12.367,3
7.6442,-12.906,3
6.7652,-13.388,3
5.8558,-13.81,3
4.9204,-14.17,3
3.9629,-14.467,3
2.9878,-14.699,3
1.9993,-14.866,3
1.0019,-14.967,3
1.837e-15,-15,3
-1.0019,-14.967,3
-1.9993,-14.866,3
-2.9878,-14.699,3
-3.9629,-14.467,3
-4.9204,-14.17,3
-5.8558,-13.81,3
-6.7652,-13.388,3
-7.6442,-12.906,3
-8.4892,-12.367,3
-9.2962,-11.772,3
-10.062,-11.125,3
-10.782,-10.428,3
-11.455,-9.6844,3
-12.076,-8.8977,3
-12.643,-8.0712,3
-13.154,-7.2087,3
-13.606,-6.314,3
-13.998,-5.3911,3
-14.327,-4.4441,3
-14.591,-3.4773,3
-14.791,-2.4949,3
-14.925,-1.5014,3
-14.992,-0.50122,3
-14.992,0.50122,3
-14.925,1.5014,3
-14.791,2.4949,3
-14.591,3.4773,3
-14.327,4.4441,3
-13.998,5.3911,3
-13.606,6.314,3
-13.154,7.2087,3
-12.643,8.0712,3
-12.076,8.8977,3
-11.455,9.6844,3
-10.782,10.428,3
-10.062,11.125,3
-9.2962,11.772,3
-8.4892,12.367,3
-7.6442,12.906,3
-6.7652,13.388,3
-5.8558,13.81,3
-4.9204,14.17,3
-3.9629,14.467,3
-2.9878,14.699,3
-1.9993,14.866,3
-1.0019,14.967,3
-3.6739e-15,15,3
0,15,4
1.0019,14.967,4
1.9993,14.866,4
2.9878,14.699,4
3.9629,14.467,4
4.9204,14.17,4
5.8558,13.81,4
6.7652,13.388,4
7.6442,12.906,4
8.4892,12.367,4
9.2962,11.772,4
10.062,11.125,4
10.782,10.428,4
11.455,9.6844,4
12.076,8.8977,4
12.643,8.0712,4
13.154,7.2087,4
13.606,6.314,4
13.998,5.3911,4
14.327,4.4441,4
14.591,3.4773,4
14.791,2.4949,4
14.925,1.5014,4
14.992,0.50122,4
14.992,-0.50122,4
14.925,-1.5014,4
14.791,-2.4949,4
14.591,-3.4773,4
14.327,-4.4441,4
13.998,-5.3911,4
13.606,-6.314,4
13.154,-7.2087,4
12.643,-8.0712,4
12.076,-8.8977,4
11.455,-9.6844,4
10.782,-10.428,4
10.062,-11.125,4
9.2962,-11.772,4
8.4892,-12.367,4
7.6442,-12.906,4
6.7652,-13.388,4
5.8558,-13.81,4
4.9204,-14.17,4
3.9629,-14.467,4
2.9878,-14.699,4
1.9993,-14.866,4
1.0019,-14.967,4
1.837e-15,-15,4
-1.0019,-14.967,4
-1.9993,-14.866,4
-2.9878,-14.699,4
-3.9629,-14.467,4
-4.9204,-14.17,4
-5.8558,-13.81,4
-6.7652,-13.388,4
-7.6442,-12.906,4
-8.4892,-12.367,4
-9.2962,-11.772,4
-10.062,-11.125,4
-10.782,-10.428,4
-11.455,-9.6844,4
-12.076,-8.8977,4
-12.643,-8.0712,4
-13.154,-7.2087,4
-13.606,-6.314,4
-13.998,-5.3911,4
-14.327,-4.4441,4
-14.591,-3.4773,4
-14.791,-2.4949,4
-14.925,-1.5014,4
-14.992,-0.50122,4
-14.992,0.50122,4
-14.925,1.5014,4
-14.791,2.4949,4
-14.591,3.4773,4
-14.327,4.4441,4
-13.998,5.3911,4
-13.606,6.314,4
-13.154,7.2087,4
-12.643,8.0712,4
-12.076,8.8977,4
-11.455,9.6844,4
-10.782,10.428,4
-10.062,11.125,4
-9.2962,11.772,4
-8.4892,12.367,4
-7.6442,12.906,4
-6.7652,13.388,4
-5.8558,13.81,4
-4.9204,14.17,4
-3.9629,14.467,4
-2.9878,14.699,4
-1.9993,14.866,4
-1.0019,14.967,4
-3.6739e-15,15,4
0,15,5
1.0019,14.967,5
1.9993,14.866,5
2.9878,14.699,5
3.9629,14.467,5
4.9204,14.17,5
5.8558,13.81,5
6.7652,13.388,5
7.6442,12.906,5
8.4892,12.367,5
9.2962,11.772,5
10.062,11.125,5
10.782,10.428,5
11.455,9.6844,5
12.076,8.8977,5
12.643,8.0712,5
13.154,7.2087,5
13.606,6.314,5
13.998,5.3911,5
14.327,4.4441,5
14.591,3.4773,5
14.791,2.4949,5
14.925,1.5014,5
14.992,0.50122,5
14.992,-0.50122,5
14.925,-1.5014,5
14.791,-2.4949,5
14.591,-3.4773,5
14.327,-4.4441,5
13.998,-5.3911,5
13.606,-6.314,5
13.154,-7.2087,5
12.643,-8.0712,5
12.076,-8.8977,5
11.455,-9.6844,5
10.782,-10.428,5
10.062,-11.125,5
9.2962,-11.772,5
8.4892,-12.367,5
7.6442,-12.906,5
6.7652,-13.388,5
5.8558,-13.81,5
4.9204,-14.17,5
3.9629,-14.467,5
2.9878,-14.699,5
1.9993,-14.866,5
1.0019,-14.967,5
1.837e-15,-15,5
-1.0019,-14.967,5
-1.9993,-14.866,5
-2.9878,-14.699,5
-3.9629,-14.467,5
-4.9204,-14.17,5
-5.8558,-13.81,5
-6.7652,-13.388,5
-7.6442,-12.906,5
-8.4892,-12.367,5
-9.2962,-11.772,5
-10.062,-11.125,5
-10.782,-10.428,5
-11.455,-9.6844,5
-12.076,-8.8977,5
-12.643,-8.0712,5
-13.154,-7.2087,5
-13.606,-6.314,5
-13.998,-5.3911,5
-14.327,-4.4441,5
-14.591,-3.4773,5
-14.791,-2.4949,5
-14.925,-1.5014,5
-14.992,-0.50122,5
-14.992,0.50122,5
-14.925,1.5014,5
-14.791,2.4949,5
-14.591,3.4773,5
-14.327,4.4441,5
-13.998,5.3911,5
-13.606,6.314,5
-13.154,7.2087,5
-12.643,8.0712,5
-12.076,8.8977,5
-11.455,9.6844,5
-10.782,10.428,5
-10.062,11.125,5
-9.2962,11.772,5
-8.4892,12.367,5
-7.6442,12.906,5
-6.7652,13.388,5
-5.8558,13.81,5
-4.9204,14.17,5
-3.9629,14.467,5
-2.9878,14.699,5
-1.9993,14.866,5
-1.0019,14.967,5
-3.6739e-15,15,5
0,15,6
1.0019,14.967,6
1.9993,14.866,6
2.9878,14.699,6
3.9629,14.467,6
4.9204,14.17,6
5.8558,13.81,6
6.7652,13.388,6
7.6442,12.906,6
8.4892,12.367,6
9.2962,11.772,6
10.062,11.125,6
10.782,10.428,6
11.455,9.6844,6
12.076,8.8977,6
12.643,8.0712,6
13.154,7.2087,6
13.606,6.314,6
13.998,5.3911,6
14.327,4.4441,6
14.591,3.4773,6
14.791,2.4949,6
14.925,1.5014,6
14.992,0.50122,6
14.992,-0.50122,6
14.925,-1.5014,6
14.791,-2.4949,6
14.591,-3.4773,6
14.327,-4.4441,6
13.998,-5.3911,6
13.606,-6.314,6
13.154,-7.2087,6
12.643,-8.0712,6
12.076,-8.8977,6
11.455,-9.6844,6
10.782,-10.428,6
10.062,-11.125,6
9.2962,-11.772,6
8.4892,-12.367,6
7.6442,-12.906,6
6.7652,-13.388,6
5.8558,-13.81,6
4.9204,-14.17,6
3.9629,-14.467,6
2.9878,-14.699,6
1.9993,-14.866,6
1.0019,-14.967,6
1.837e-15,-15,6
-1.0019,-14.967,6
-1.9993,-14.866,6
-2.9878,-14.699,6
-3.9629,-14.467,6
-4.9204,-14.17,6
-5.8558,-13.81,6
-6.7652,-13.388,6
-7.6442,-12.906,6
-8.4892,-12.367,6
-9.2962,-11.772,6
-10.062,-11.125,6
-10.782,-10.428,6
-11.455,-9.6844,6
-12.076,-8.8977,6
-12.643,-8.0712,6
-13.154,-7.2087,6
-13.606,-6.314,6
-13.998,-5.3911,6
-14.327,-4.4441,6
-14.591,-3.4773,6
-14.791,-2.4949,6
-14.925,-1.5014,6
-14.992,-0.50122,6
-14.992,0.50122,6
-14.925,1.5014,6
-14.791,2.4949,6
-14.591,3.4773,6
-14.327,4.4441,6
-13.998,5.3911,6
-13.606,6.314,6
-13.154,7.2087,6
-12.643,8.0712,6
-12.076,8.8977,6
-11.455,9.6844,6
-10.782,10.428,6
-10.062,11.125,6
-9.2962,11.772,6
-8.4892,12.367,6
-7.6442,12.906,6
-6.7652,13.388,6
-5.8558,13.81,6
-4.9204,14.17,6
-3.9629,14.467,6
-2.9878,14.699,6
-1.9993,14.866,6
-1.0019,14.967,6
-3.6739e-15,15,6
0,15,7
1.0019,14.967,7
1.9993,14.866,7
2.9878,14.699,7
3.9629,14.467,7
4.9204,14.17,7
5.8558,13.81,7
6.7652,13.388,7
7.6442,12.906,7
8.4892,12.367,7
9.2962,11.772,7
10.062,11.125,7
10.782,10.428,7
11.455,9.6844,7
12.076,8.8977,7
12.643,8.0712,7
13.154,7.2087,7
13.606,6.314,7
13.998,5.3911,7
14.327,4.4441,7
14.591,3.4773,7
14.791,2.4949,7
14.925,1.5014,7
14.992,0.50122,7
14.992,-0.50122,7
14.925,-1.5014,7
14.791,-2.4949,7
14.591,-3.4773,7
14.327,-4.4441,7
13.998,-5.3911,7
13.606,-6.314,7
13.154,-7.2087,7
12.643,-8.0712,7
12.076,-8.8977,7
11.455,-9.6844,7
10.782,-10.428,7
10.062,-11.125,7
9.2962,-11.772,7
8.4892,-12.367,7
7.6442,-12.906,7
6.7652,-13.388,7
5.8558,-13.81,7
4.9204,-14.17,7
3.9629,-14.467,7
2.9878,-14.699,7
1.9993,-14.866,7
1.0019,-14.967,7
1.837e-15,-15,7
-1.0019,-14.967,7
-1.9993,-14.866,7
-2.9878,-14.699,7
-3.9629,-14.467,7
-4.9204,-14.17,7
-5.8558,-13.81,7
-6.7652,-13.388,7
-7.6442,-12.906,7
-8.4892,-12.367,7
-9.2962,-11.772,7
-10.062,-11.125,7
-10.782,-10.428,7
-11.455,-9.6844,7
-12.076,-8.8977,7
-12.643,-8.0712,7
-13.154,-7.2087,7
-13.606,-6.314,7
-13.998,-5.3911,7
-14.327,-4.4441,7
-14.591,-3.4773,7
-14.791,-2.4949,7
-14.925,-1.5014,7
-14.992,-0.50122,7
-14.992,0.50122,7
-14.925,1.5014,7
-14.791,2.4949,7
-14.591,3.4773,7
-14.327,4.4441,7
-13.998,5.3911,7
-13.606,6.314,7
-13.154,7.2087,7
-12.643,8.0712,7
-12.076,8.8977,7
-11.455,9.6844,7
-10.782,10.428,7
-10.062,11.125,7
-9.2962,11.772,7
-8.4892,12.367,7
-7.6442,12.906,7
-6.7652,13.388,7
-5.8558,13.81,7
-4.9204,14.17,7
-3.9629,14.467,7
-2.9878,14.699,7
-1.9993,14.866,7
-1.0019,14.967,7
-3.6739e-15,15,7
0,15,8
1.0019,14.967,8
1.9993,14.866,8
2.9878,14.699,8
3.9629,14.467,8
4.9204,14.17,8
5.8558,13.81,8
6.7652,13.388,8
7.6442,12.906,8
8.4892,12.367,8
9.2962,11.772,8
10.062,11.125,8
10.782,10.428,8
11.455,9.6844,8
12.076,8.8977,8
12.643,8.0712,8
13.154,7.2087,8
13.606,6.314,8
13.998,5.3911,8
14.327,4.4441,8
14.591,3.4773,8
14.791,2.4949,8
14.925,1.5014,8
14.992,0.50122,8
14.992,-0.50122,8
14.925,-1.5014,8
14.791,-2.4949,8
14.591,-3.4773,8
14.327,-4.4441,8
13.998,-5.3911,8
13.606,-6.314,8
13.154,-7.2087,8
12.643,-8.0712,8
12.076,-8.8977,8
11.455,-9.6844,8
10.782,-10.428,8
10.062,-11.125,8
9.2962,-11.772,8
8.4892,-12.367,8
7.6442,-12.906,8
6.7652,-13.388,8
5.8558,-13.81,8
4.9204,-14.17,8
3.9629,-14.467,8
2.9878,-14.699,8
1.9993,-14.866,8
1.0019,-14.967,8
1.837e-15,-15,8
-1.0019,-14.967,8
-1.9993,-14.866,8
-2.9878,-14.699,8
-3.9629,-14.467,8
-4.9204,-14.17,8
-5.8558,-13.81,8
-6.7652,-13.388,8
-7.6442,-12.906,8
-8.4892,-12.367,8
-9.2962,-11.772,8
-10.062,-11.125,8
-10.782,-10.428,8
-11.455,-9.6844,8
-12.076,-8.8977,8
-12.643,-8.0712,8
-13.154,-7.2087,8
-13.606,-6.314,8
-13.998,-5.3911,8
-14.327,-4.4441,8
-14.591,-3.4773,8
-14.791,-2.4949,8
-14.925,-1.5014,8
-14.992,-0.50122,8
-14.992,0.50122,8
-14.925,1.5014,8
-14.791,2.4949,8
-14.591,3.4773,8
-14.327,4.4441,8
-13.998,5.3911,8
-13.606,6.314,8
-13.154,7.2087,8
-12.643,8.0712,8
-12.076,8.8977,8
-11.455,9.6844,8
-10.782,10.428,8
-10.062,11.125,8
-9.2962,11.772,8
-8.4892,12.367,8
-7.6442,12.906,8
-6.7652,13.388,8
-5.8558,13.81,8
-4.9204,14.17,8
-3.9629,14.467,8
-2.9878,14.699,8
-1.9993,14.866,8
-1.0019,14.967,8
-3.6739e-15,15,8
0,15,9
1.0019,14.967,9
1.9993,14.866,9
2.9878,14.699,9
3.9629,14.467,9
4.9204,14.17,9
5.8558,13.81,9
6.7652,13.388,9
7.6442,12.906,9
8.4892,12.367,9
9.2962,11.772,9
10.062,11.125,9
10.782,10.428,9
11.455,9.6844,9
12.076,8.8977,9
12.643,8.0712,9
13.154,7.2087,9
13.606,6.314,9
13.998,5.3911,9
14.327,4.4441,9
14.591,3.4773,9
14.791,2.4949,9
14.925,1.5014,9
14.992,0.50122,9
14.992,-0.50122,9
14.925,-1.5014,9
14.791,-2.4949,9
14.591,-3.4773,9
14.327,-4.4441,9
13.998,-5.3911,9
13.606,-6.314,9
13.154,-7.2087,9
12.643,-8.0712,9
12.076,-8.8977,9
11.455,-9.6844,9
10.782,-10.428,9
10.062,-11.125,9
9.2962,-11.772,9
8.4892,-12.367,9
7.6442,-12.906,9
6.7652,-13.388,9
5.8558,-13.81,9
4.9204,-14.17,9
3.9629,-14.467,9
2.9878,-14.699,9
1.9993,-14.866,9
1.0019,-14.967,9
1.837e-15,-15,9
-1.0019,-14.967,9
-1.9993,-14.866,9
-2.9878,-14.699,9
-3.9629,-14.467,9
-4.9204,-14.17,9
-5.8558,-13.81,9
-6.7652,-13.388,9
-7.6442,-12.906,9
-8.4892,-12.367,9
-9.2962,-11.772,9
-10.062,-11.125,9
-10.782,-10.428,9
-11.455,-9.6844,9
-12.076,-8.8977,9
-12.643,-8.0712,9
-13.154,-7.2087,9
-13.606,-6.314,9
-13.998,-5.3911,9
-14.327,-4.4441,9
-14.591,-3.4773,9
-14.791,-2.4949,9
-14.925,-1.5014,9
-14.992,-0.50122,9
-14.992,0.50122,9
-14.925,1.5014,9
-14.791,2.4949,9
-14.591,3.4773,9
-14.327,4.4441,9
-13.998,5.3911,9
-13.606,6.314,9
-13.154,7.2087,9
-12.643,8.0712,9
-12.076,8.8977,9
-11.455,9.6844,9
-10.782,10.428,9
-10.062,11.125,9
-9.2962,11.772,9
-8.4892,12.367,9
-7.6442,12.906,9
-6.7652,13.388,9
-5.8558,13.81,9
-4.9204,14.17,9
-3.9629,14.467,9
-2.9878,14.699,9
-1.9993,14.866,9
-1.0019,14.967,9
-3.6739e-15,15,9
0,15,10
1.0019,14.967,10
1.9993,14.866,10
2.9878,14.699,10
3.9629,14.467,10
4.9204,14.17,10
5.8558,13.81,10
6.7652,13.388,10
7.6442,12.906,10
8.4892,12.367,10
9.2962,11.772,10
10.062,11.125,10
10.782,10.428,10
11.455,9.6844,10
12.076,8.8977,10
12.643,8.0712,10
13.154,7.2087,10
13.606,6.314,10
13.998,5.3911,10
14.327,4.4441,10
14.591,3.4773,10
14.791,2.4949,10
14.925,1.5014,10
14.992,0.50122,10
14.992,-0.50122,10
14.925,-1.5014,10
14.791,-2.4949,10
14.591,-3.4773,10
14.327,-4.4441,10
13.998,-5.3911,10
13.606,-6.314,10
13.154,-7.2087,10
12.643,-8.0712,10
12.076,-8.8977,10
11.455,-9.6844,10
10.782,-10.428,10
10.062,-11.125,10
9.2962,-11.772,10
8.4892,-12.367,10
7.6442,-12.906,10
6.7652,-13.388,10
5.8558,-13.81,10
4.9204,-14.17,10
3.9629,-14.467,10
2.9878,-14.699,10
1.9993,-14.866,10
1.0019,-14.967,10
1.837e-15,-15,10
-1.0019,-14.967,10
-1.9993,-14.866,10
-2.9878,-14.699,10
-3.9629,-14.467,10
-4.9204,-14.17,10
-5.8558,-13.81,10
-6.7652,-13.388,10
-7.6442,-12.906,10
-8.4892,-12.367,10
-9.2962,-11.772,10
-10.062,-11.125,10
-10.782,-10.428,10
-11.455,-9.6844,10
-12.076,-8.8977,10
-12.643,-8.0712,10
-13.154,-7.2087,10
-13.606,-6.314,10
-13.998,-5.3911,10
-14.327,-4.4441,10
-14.591,-3.4773,10
-14.791,-2.4949,10
-14.925,-1.5014,10
-14.992,-0.50122,10
-14.992,0.50122,10
-14.925,1.5014,10
-14.791,2.4949,10
-14.591,3.4773,10
-14.327,4.4441,10
-13.998,5.3911,10
-13.606,6.314,10
-13.154,7.2087,10
-12.643,8.0712,10
-12.076,8.8977,10
-11.455,9.6844,10
-10.782,10.428,10
-10.062,11.125,10
-9.2962,11.772,10
-8.4892,12.367,10
-7.6442,12.906,10
-6.7652,13.388,10
-5.8558,13.81,10
-4.9204,14.17,10
-3.9629,14.467,10
-2.9878,14.699,10
-1.9993,14.866,10
-1.0019,14.967,10
-3.6739e-15,15,10
0,15,11
1.0019,14.967,11
1.9993,14.866,11
2.9878,14.699,11
3.9629,14.467,11
4.9204,14.17,11
5.8558,13.81,11
6.7652,13.388,11
7.6442,12.906,11
8.4892,12.367,11
9.2962,11.772,11
10.062,11.125,11
10.782,10.428,11
11.455,9.6844,11
12.076,8.8977,11
12.643,8.0712,11
13.154,7.2087,11
13.606,6.314,11
13.998,5.3911,11
14.327,4.4441,11
14.591,3.4773,11
14.791,2.4949,11
14.925,1.5014,11
14.992,0.50122,11
14.992,-0.50122,11
14.925,-1.5014,11
14.791,-2.4949,11
14.591,-3.4773,11
14.327,-4.4441,11
13.998,-5.3911,11
13.606,-6.314,11
13.154,-7.2087,11
12.643,-8.0712,11
12.076,-8.8977,11
11.455,-9.6844,11
10.782,-10.428,11
10.062,-11.125,11
9.2962,-11.772,11
8.4892,-12.367,11
7.6442,-12.906,11
6.7652,-13.388,11
5.8558,-13.81,11
4.9204,-14.17,11
3.9629,-14.467,11
2.9878,-14.699,11
1.9993,-14.866,11
1.0019,-14.967,11
1.837e-15,-15,11
-1.0019,-14.967,11
-1.9993,-14.866,11
-2.9878,-14.699,11
-3.9629,-14.467,11
-4.9204,-14.17,11
-5.8558,-13.81,11
-6.7652,-13.388,11
-7.6442,-12.906,11
-8.4892,-12.367,11
-9.2962,-11.772,11
-10.062,-11.125,11
-10.782,-10.428,11
-11.455,-9.6844,11
-12.076,-8.8977,11
-12.643,-8.0712,11
-13.154,-7.2087,11
-13.606,-6.314,11
-13.998,-5.3911,11
-14.327,-4.4441,11
-14.591,-3.4773,11
-14.791,-2.4949,11
-14.925,-1.5014,11
-14.992,-0.50122,11
-14.992,0.50122,11
-14.925,1.5014,11
-14.791,2.4949,11
-14.591,3.4773,11
-14.327,4.4441,11
-13.998,5.3911,11
-13.606,6.314,11
-13.154,7.2087,11
-12.643,8.0712,11
-12.076,8.8977,11
-11.455,9.6844,11
-10.782,10.428,11
-10.062,11.125,11
-9.2962,11.772,11
-8.4892,12.367,11
-7.6442,12.906,11
-6.7652,13.388,11
-5.8558,13.81,11
-4.9204,14.17,11
-3.9629,14.467,11
-2.9878,14.699,11
-1.9993,14.866,11
-1.0019,14.967,11
-3.6739e-15,15,11
0,15,12
1.0019,14.967,12
1.9993,14.866,12
2.9878,14.699,12
3.9629,14.467,12
4.9204,14.17,12
5.8558,13.81,12
6.7652,13.388,12
7.6442,12.906,12
8.4892,12.367,12
9.2962,11.772,12
10.062,11.125,12
10.782,10.428,12
11.455,9.6844,12
12.076,8.8977,12
12.643,8.0712,12
13.154,7.2087,12
13.606,6.314,12
13.998,5.3911,12
14.327,4.4441,12
14.591,3.4773,12
14.791,2.4949,12
14.925,1.5014,12
14.992,0.50122,12
14.992,-0.50122,12
14.925,-1.5014,12
14.791,-2.4949,12
14.591,-3.4773,12
14.327,-4.4441,12
13.998,-5.3911,12
13.606,-6.314,12
13.154,-7.2087,12
12.643,-8.0712,12
12.076,-8.8977,12
11.455,-9.6844,12
10.782,-10.428,12
10.062,-11.125,12
9.2962,-11.772,12
8.4892,-12.367,12
7.6442,-12.906,12
6.7652,-13.388,12
5.8558,-13.81,12
4.9204,-14.17,12
3.9629,-14.467,12
2.9878,-14.699,12
1.9993,-14.866,12
1.0019,-14.967,12
1.837e-15,-15,12
-1.0019,-14.967,12
-1.9993,-14.866,12
-2.9878,-14.699,12
-3.9629,-14.467,12
-4.9204,-14.17,12
-5.8558,-13.81,12
-6.7652,-13.388,12
-7.6442,-12.906,12
-8.4892,-12.367,12
-9.2962,-11.772,12
-10.062,-11.125,12
-10.782,-10.428,12
-11.455,-9.6844,12
-12.076,-8.8977,12
-12.643,-8.0712,12
-13.154,-7.2087,12
-13.606,-6.314,12
-13.998,-5.3911,12
-14.327,-4.4441,12
-14.591,-3.4773,12
-14.791,-2.4949,12
-14.925,-1.5014,12
-14.992,-0.50122,12
-14.992,0.50122,12
-14.925,1.5014,12
-14.791,2.4949,12
-14.591,3.4773,12
-14.327,4.4441,12
-13.998,5.3911,12
-13.606,6.314,12
-13.154,7.2087,12
-12.643,8.0712,12
-12.076,8.8977,12
-11.455,9.6844,12
-10.782,10.428,12
-10.062,11.125,12
-9.2962,11.772,12
-8.4892,12.367,12
-7.6442,12.906,12
-6.7652,13.388,12
-5.8558,13.81,12
-4.9204,14.17,12
-3.9629,14.467,12
-2.9878,14.699,12
-1.9993,14.866,12
-1.0019,14.967,12
-3.6739e-15,15,12
0,15,13
1.0019,14.967,13
1.9993,14.866,13
2.9878,14.699,13
3.9629,14.467,13
4.9204,14.17,13
5.8558,13.81,13
6.7652,13.388,13
7.6442,12.906,13
8.4892,12.367,13
9.2962,11.772,13
10.062,11.125,13
10.782,10.428,13
11.455,9.6844,13
12.076,8.8977,13
12.643,8.0712,13
13.154,7.2087,13
13.606,6.314,13
13.998,5.3911,13
14.327,4.4441,13
14.591,3.4773,13
14.791,2.4949,13
14.925,1.5014,13
14.992,0.50122,13
14.992,-0.50122,13
14.925,-1.5014,13
14.791,-2.4949,13
14.591,-3.4773,13
14.327,-4.4441,13
13.998,-5.3911,13
13.606,-6.314,13
13.154,-7.2087,13
12.643,-8.0712,13
12.076,-8.8977,13
11.455,-9.6844,13
10.782,-10.428,13
10.062,-11.125,13
9.2962,-11.772,13
8.4892,-12.367,13
7.6442,-12.906,13
6.7652,-13.388,13
5.8558,-13.81,13
4.9204,-14.17,13
3.9629,-14.467,13
2.9878,-14.699,13
1.9993,-14.866,13
1.0019,-14.967,13
1.837e-15,-15,13
-1.0019,-14.967,13
-1.9993,-14.866,13
-2.9878,-14.699,13
-3.9629,-14.467,13
-4.9204,-14.17,13
-5.8558,-13.81,13
-6.7652,-13.388,13
-7.6442,-12.906,13
-8.4892,-12.367,13
-9.2962,-11.772,13
-10.062,-11.125,13
-10.782,-10.428,13
-11.455,-9.6844,13
-12.076,-8.8977,13
-12.643,-8.0712,13
-13.154,-7.2087,13
-13.606,-6.314,13
-13.998,-5.3911,13
-14.327,-4.4441,13
-14.591,-3.4773,13
-14.791,-2.4949,13
-14.925,-1.5014,13
-14.992,-0.50122,13
-14.992,0.50122,13
-14.925,1.5014,13
-14.791,2.4949,13
-14.591,3.4773,13
-14.327,4.4441,13
-13.998,5.3911,13
-13.606,6.314,13
-13.154,7.2087,13
-12.643,8.0712,13
-12.076,8.8977,13
-11.455,9.6844,13
-10.782,10.428,13
-10.062,11.125,13
-9.2962,11.772,13
-8.4892,12.367,13
-7.6442,12.906,13
-6.7652,13.388,13
-5.8558,13.81,13
-4.9204,14.17,13
-3.9629,14.467,13
-2.9878,14.699,13
-1.9993,14.866,13
-1.0019,14.967,13
-3.6739e-15,15,13
0,15,14
1.0019,14.967,14
1.9993,14.866,14
2.9878,14.699,14
3.9629,14.467,14
4.9204,14.17,14
5.8558,13.81,14
6.7652,13.388,14
7.6442,12.906,14
8.4892,12.367,14
9.2962,11.772,14
10.062,11.125,14
10.782,10.428,14
11.455,9.6844,14
12.076,8.8977,14
12.643,8.0712,14
13.154,7.2087,14
13.606,6.314,14
13.998,5.3911,14
14.327,4.4441,14
14.591,3.4773,14
14.791,2.4949,14
14.925,1.5014,14
14.992,0.50122,14
14.992,-0.50122,14
14.925,-1.5014,14
14.791,-2.4949,14
14.591,-3.4773,14
14.327,-4.4441,14
13.998,-5.3911,14
13.606,-6.314,14
13.154,-7.2087,14
12.643,-8.0712,14
12.076,-8.8977,14
11.455,-9.6844,14
10.782,-10.428,14
10.062,-11.125,14
9.2962,-11.772,14
8.4892,-12.367,14
7.6442,-12.906,14
6.7652,-13.388,14
5.8558,-13.81,14
4.9204,-14.17,14
3.9629,-14.467,14
2.9878,-14.699,14
1.9993,-14.866,14
1.0019,-14.967,14
1.837e-15,-15,14
-1.0019,-14.967,14
-1.9993,-14.866,14
-2.9878,-14.699,14
-3.9629,-14.467,14
-4.9204,-14.17,14
-5.8558,-13.81,14
-6.7652,-13.388,14
-7.6442,-12.906,14
-8.4892,-12.367,14
-9.2962,-11.772,14
-10.062,-11.125,14
-10.782,-10.428,14
-11.455,-9.6844,14
-12.076,-8.8977,14
-12.643,-8.0712,14
-13.154,-7.2087,14
-13.606,-6.314,14
-13.998,-5.3911,14
-14.327,-4.4441,14
-14.591,-3.4773,14
-14.791,-2.4949,14
-14.925,-1.5014,14
-14.992,-0.50122,14
-14.992,0.50122,14
-14.925,1.5014,14
-14.791,2.4949,14
-14.591,3.4773,14
-14.327,4.4441,14
-13.998,5.3911,14
-13.606,6.314,14
-13.154,7.2087,14
-12.643,8.0712,14
-12.076,8.8977,14
-11.455,9.6844,14
-10.782,10.428,14
-10.062,11.125,14
-9.2962,11.772,14
-8.4892,12.367,14
-7.6442,12.906,14
-6.7652,13.388,14
-5.8558,13.81,14
-4.9204,14.17,14
-3.9629,14.467,14
-2.9878,14.699,14
-1.9993,14.866,14
-1.0019,14.967,14
-3.6739e-15,15,14
0,15,15
1.0019,14.967,15
1.9993,14.866,15
2.9878,14.699,15
3.9629,14.467,15
4.9204,14.17,15
5.8558,13.81,15
6.7652,13.388,15
7.6442,12.906,15
8.4892,12.367,15
9.2962,11.772,15
10.062,11.125,15
10.782,10.428,15
11.455,9.6844,15
12.076,8.8977,15
12.643,8.0712,15
13.154,7.2087,15
13.606,6.314,15
13.998,5.3911,15
14.327,4.4441,15
14.591,3.4773,15
14.791,2.4949,15
14.925,1.5014,15
14.992,0.50122,15
14.992,-0.50122,15
14.925,-1.5014,15
14.791,-2.4949,15
14.591,-3.4773,15
14.327,-4.4441,15
13.998,-5.3911,15
13.606,-6.314,15
13.154,-7.2087,15
12.643,-8.0712,15
12.076,-8.8977,15
11.455,-9.6844,15
10.782,-10.428,15
10.062,-11.125,15
9.2962,-11.772,15
8.4892,-12.367,15
7.6442,-12.906,15
6.7652,-13.388,15
5.8558,-13.81,15
4.9204,-14.17,15
3.9629,-14.467,15
2.9878,-14.699,15
1.9993,-14.866,15
1.0019,-14.967,15
1.837e-15,-15,15
-1.0019,-14.967,15
-1.9993,-14.866,15
-2.9878,-14.699,15
-3.9629,-14.467,15
-4.9204,-14.17,15
-5.8558,-13.81,15
-6.7652,-13.388,15
-7.6442,-12.906,15
-8.4892,-12.367,15
-9.2962,-11.772,15
-10.062,-11.125,15
-10.782,-10.428,15
-11.455,-9.6844,15
-12.076,-8.8977,15
-12.643,-8.0712,15
-13.154,-7.2087,15
-13.606,-6.314,15
-13.998,-5.3911,15
-14.327,-4.4441,15
-14.591,-3.4773,15
-14.791,-2.4949,15
-14.925,-1.5014,15
-14.992,-0.50122,15
-14.992,0.50122,15
-14.925,1.5014,15
-14.791,2.4949,15
-14.591,3.4773,15
-14.327,4.4441,15
-13.998,5.3911,15
-13.606,6.314,15
-13.154,7.2087,15
-12.643,8.0712,15
-12.076,8.8977,15
-11.455,9.6844,15
-10.782,10.428,15
-10.062,11.125,15
-9.2962,11.772,15
-8.4892,12.367,15
-7.6442,12.906,15
-6.7652,13.388,15
-5.8558,13.81,15
-4.9204,14.17,15
-3.9629,14.467,15
-2.9878,14.699,15
-1.9993,14.866,15
-1.0019,14.967,15
-3.6739e-15,15,15
0,15,16
1.0019,14.967,16
1.9993,14.866,16
2.9878,14.699,16
3.9629,14.467,16
4.9204,14.17,16
5.8558,13.81,16
6.7652,13.388,16
7.6442,12.906,16
8.4892,12.367,16
9.2962,11.772,16
10.062,11.125,16
10.782,10.428,16
11.455,9.6844,16
12.076,8.8977,16
12.643,8.0712,16
13.154,7.2087,16
13.606,6.314,16
13.998,5.3911,16
14.327,4.4441,16
14.591,3.4773,16
14.791,2.4949,16
14.925,1.5014,16
14.992,0.50122,16
14.992,-0.50122,16
14.925,-1.5014,16
14.791,-2.4949,16
14.591,-3.4773,16
14.327,-4.4441,16
13.998,-5.3911,16
13.606,-6.314,16
13.154,-7.2087,16
12.643,-8.0712,16
12.076,-8.8977,16
11.455,-9.6844,16
10.782,-10.428,16
10.062,-11.125,16
9.2962,-11.772,16
8.4892,-12.367,16
7.6442,-12.906,16
6.7652,-13.388,16
5.8558,-13.81,16
4.9204,-14.17,16
3.9629,-14.467,16
2.9878,-14.699,16
1.9993,-14.866,16
1.0019,-14.967,16
1.837e-15,-15,16
-1.0019,-14.967,16
-1.9993,-14.866,16
-2.9878,-14.699,16
-3.9629,-14.467,16
-4.9204,-14.17,16
-5.8558,-13.81,16
-6.7652,-13.388,16
-7.6442,-12.906,16
-8.4892,-12.367,16
-9.2962,-11.772,16
-10.062,-11.125,16
-10.782,-10.428,16
-11.455,-9.6844,16
-12.076,-8.8977,16
-12.643,-8.0712,16
-13.154,-7.2087,16
-13.606,-6.314,16
-13.998,-5.3911,16
-14.327,-4.4441,16
-14.591,-3.4773,16
-14.791,-2.4949,16
-14.925,-1.5014,16
-14.992,-0.50122,16
-14.992,0.50122,16
-14.925,1.5014,16
-14.791,2.4949,16
-14.591,3.4773,16
-14.327,4.4441,16
-13.998,5.3911,16
-13.606,6.314,16
-13.154,7.2087,16
-12.643,8.0712,16
-12.076,8.8977,16
-11.455,9.6844,16
-10.782,10.428,16
-10.062,11.125,16
-9.2962,11.772,16
-8.4892,12.367,16
-7.6442,12.906,16
-6.7652,13.388,16
-5.8558,13.81,16
-4.9204,14.17,16
-3.9629,14.467,16
-2.9878,14.699,16
-1.9993,14.866,16
-1.0019,14.967,16
-3.6739e-15,15,16
0,15,17
1.0019,14.967,17
1.9993,14.866,17
2.9878,14.699,17
3.9629,14.467,17
4.9204,14.17,17
5.8558,13.81,17
6.7652,13.388,17
7.6442,12.906,17
8.4892,12.367,17
9.2962,11.772,17
10.062,11.125,17
10.782,10.428,17
11.455,9.6844,17
12.076,8.8977,17
12.643,8.0712,17
13.154,7.2087,17
13.606,6.314,17
13.998,5.3911,17
14.327,4.4441,17
14.591,3.4773,17
14.791,2.4949,17
14.925,1.5014,17
14.992,0.50122,17
14.992,-0.50122,17
14.925,-1.5014,17
14.791,-2.4949,17
14.591,-3.4773,17
14.327,-4.4441,17
13.998,-5.3911,17
13.606,-6.314,17
13.154,-7.2087,17
12.643,-8.0712,17
12.076,-8.8977,17
11.455,-9.6844,17
10.782,-10.428,17
10.062,-11.125,17
9.2962,-11.772,17
8.4892,-12.367,17
7.6442,-12.906,17
6.7652,-13.388,17
5.8558,-13.81,17
4.9204,-14.17,17
3.9629,-14.467,17
2.9878,-14.699,17
1.9993,-14.866,17
1.0019,-14.967,17
1.837e-15,-15,17
-1.0019,-14.967,17
-1.9993,-14.866,17
-2.9878,-14.699,17
-3.9629,-14.467,17
-4.9204,-14.17,17
-5.8558,-13.81,17
-6.7652,-13.388,17
-7.6442,-12.906,17
-8.4892,-12.367,17
-9.2962,-11.772,17
-10.062,-11.125,17
-10.782,-10.428,17
-11.455,-9.6844,17
-12.076,-8.8977,17
-12.643,-8.0712,17
-13.154,-7.2087,17
-13.606,-6.314,17
-13.998,-5.3911,17
-14.327,-4.4441,17
-14.591,-3.4773,17
-14.791,-2.4949,17
-14.925,-1.5014,17
-14.992,-0.50122,17
-14.992,0.50122,17
-14.925,1.5014,17
-14.791,2.4949,17
-14.591,3.4773,17
-14.327,4.4441,17
-13.998,5.3911,17
-13.606,6.314,17
-13.154,7.2087,17
-12.643,8.0712,17
-12.076,8.8977,17
-11.455,9.6844,17
-10.782,10.428,17
-10.062,11.125,17
-9.2962,11.772,17
-8.4892,12.367,17
-7.6442,12.906,17
-6.7652,13.388,17
-5.8558,13.81,17
-4.9204,14.17,17
-3.9629,14.467,17
-2.9878,14.699,17
-1.9993,14.866,17
-1.0019,14.967,17
-3.6739e-15,15,17
0,15,18
1.0019,14.967,18
1.9993,14.866,18
2.9878,14.699,18
3.9629,14.467,18
4.9204,14.17,18
5.8558,13.81,18
6.7652,13.388,18
7.6442,12.906,18
8.4892,12.367,18
9.2962,11.772,18
10.062,11.125,18
10.782,10.428,18
11.455,9.6844,18
12.076,8.8977,18
12.643,8.0712,18
13.154,7.2087,18
13.606,6.314,18
13.998,5.3911,18
14.327,4.4441,18
14.591,3.4773,18
14.791,2.4949,18
14.925,1.5014,18
14.992,0.50122,18
14.992,-0.50122,18
14.925,-1.5014,18
14.791,-2.4949,18
14.591,-3.4773,18
14.327,-4.4441,18
13.998,-5.3911,18
13.606,-6.314,18
13.154,-7.2087,18
12.643,-8.0712,18
12.076,-8.8977,18
11.455,-9.6844,18
10.782,-10.428,18
10.062,-11.125,18
9.2962,-11.772,18
8.4892,-12.367,18
7.6442,-12.906,18
6.7652,-13.388,18
5.8558,-13.81,18
4.9204,-14.17,18
3.9629,-14.467,18
2.9878,-14.699,18
1.9993,-14.866,18
1.0019,-14.967,18
1.837e-15,-15,18
-1.0019,-14.967,18
-1.9993,-14.866,18
-2.9878,-14.699,18
-3.9629,-14.467,18
-4.9204,-14.17,18
-5.8558,-13.81,18
-6.7652,-13.388,18
-7.6442,-12.906,18
-8.4892,-12.367,18
-9.2962,-11.772,18
-10.062,-11.125,18
-10.782,-10.428,18
-11.455,-9.6844,18
-12.076,-8.8977,18
-12.643,-8.0712,18
-13.154,-7.2087,18
-13.606,-6.314,18
-13.998,-5.3911,18
-14.327,-4.4441,18
-14.591,-3.4773,18
-14.791,-2.4949,18
-14.925,-1.5014,18
-14.992,-0.50122,18
-14.992,0.50122,18
-14.925,1.5014,18
-14.791,2.4949,18
-14.591,3.4773,18
-14.327,4.4441,18
-13.998,5.3911,18
-13.606,6.314,18
-13.154,7.2087,18
-12.643,8.0712,18
-12.076,8.8977,18
-11.455,9.6844,18
-10.782,10.428,18
-10.062,11.125,18
-9.2962,11.772,18
-8.4892,12.367,18
-7.6442,12.906,18
-6.7652,13.388,18
-5.8558,13.81,18
-4.9204,14.17,18
-3.9629,14.467,18
-2.9878,14.699,18
-1.9993,14.866,18
-1.0019,14.967,18
-3.6739e-15,15,18
0,15,19
1.0019,14.967,19
1.9993,14.866,19
2.9878,14.699,19
3.9629,14.467,19
4.9204,14.17,19
5.8558,13.81,19
6.7652,13.388,19
7.6442,12.906,19
8.4892,12.367,19
9.2962,11.772,19
10.062,11.125,19
10.782,10.428,19
11.455,9.6844,19
12.076,8.8977,19
12.643,8.0712,19
13.154,7.2087,19
13.606,6.314,19
13.998,5.3911,19
14.327,4.4441,19
14.591,3.4773,19
14.791,2.4949,19
14.925,1.5014,19
14.992,0.50122,19
14.992,-0.50122,19
14.925,-1.5014,19
14.791,-2.4949,19
14.591,-3.4773,19
14.327,-4.4441,19
13.998,-5.3911,19
13.606,-6.314,19
13.154,-7.2087,19
12.643,-8.0712,19
12.076,-8.8977,19
11.455,-9.6844,19
10.782,-10.428,19
10.062,-11.125,19
9.2962,-11.772,19
8.4892,-12.367,19
7.6442,-12.906,19
6.7652,-13.388,19
5.8558,-13.81,19
4.9204,-14.17,19
3.9629,-14.467,19
2.9878,-14.699,19
1.9993,-14.866,19
1.0019,-14.967,19
1.837e-15,-15,19
-1.0019,-14.967,19
-1.9993,-14.866,19
-2.9878,-14.699,19
-3.9629,-14.467,19
-4.9204,-14.17,19
-5.8558,-13.81,19
-6.7652,-13.388,19
-7.6442,-12.906,19
-8.4892,-12.367,19
-9.2962,-11.772,19
-10.062,-11.125,19
-10.782,-10.428,19
-11.455,-9.6844,19
-12.076,-8.8977,19
-12.643,-8.0712,19
-13.154,-7.2087,19
-13.606,-6.314,19
-13.998,-5.3911,19
-14.327,-4.4441,19
-14.591,-3.4773,19
-14.791,-2.4949,19
-14.925,-1.5014,19
-14.992,-0.50122,19
-14.992,0.50122,19
-14.925,1.5014,19
-14.791,2.4949,19
-14.591,3.4773,19
-14.327,4.4441,19
-13.998,5.3911,19
-13.606,6.314,19
-13.154,7.2087,19
-12.643,8.0712,19
-12.076,8.8977,19
-11.455,9.6844,19
-10.782,10.428,19
-10.062,11.125,19
-9.2962,11.772,19
-8.4892,12.367,19
-7.6442,12.906,19
-6.7652,13.388,19
-5.8558,13.81,19
-4.9204,14.17,19
-3.9629,14.467,19
-2.9878,14.699,19
-1.9993,14.866,19
-1.0019,14.967,19
-3.6739e-15,15,19
0,15,20
1.0019,14.967,20
1.9993,14.866,20
2.9878,14.699,20
3.9629,14.467,20
4.9204,14.17,20
5.8558,13.81,20
6.7652,13.388,20
7.6442,12.906,20
8.4892,12.367,20
9.2962,11.772,20
10.062,11.125,20
10.782,10.428,20
11.455,9.6844,20
12.076,8.8977,20
12.643,8.0712,20
13.154,7.2087,20
13.606,6.314,20
13.998,5.3911,20
14.327,4.4441,20
14.591,3.4773,20
14.791,2.4949,20
14.925,1.5014,20
14.992,0.50122,20
14.992,-0.50122,20
14.925,-1.5014,20
14.791,-2.4949,20
14.591,-3.4773,20
14.327,-4.4441,20
13.998,-5.3911,20
13.606,-6.314,20
13.154,-7.2087,20
12.643,-8.0712,20
12.076,-8.8977,20
11.455,-9.6844,20
10.782,-10.428,20
10.062,-11.125,20
9.2962,-11.772,20
8.4892,-12.367,20
7.6442,-12.906,20
6.7652,-13.388,20
5.8558,-13.81,20
4.9204,-14.17,20
3.9629,-14.467,20
2.9878,-14.699,20
1.9993,-14.866,20
1.0019,-14.967,20
1.837e-15,-15,20
-1.0019,-14.967,20
-1.9993,-14.866,20
-2.9878,-14.699,20
-3.9629,-14.467,20
-4.9204,-14.17,20
-5.8558,-13.81,20
-6.7652,-13.388,20
-7.6442,-12.906,20
-8.4892,-12.367,20
-9.2962,-11.772,20
-10.062,-11.125,20
-10.782,-10.428,20
-11.455,-9.6844,20
-12.076,-8.8977,20
-12.643,-8.0712,20
-13.154,-7.2087,20
-13.606,-6.314,20
-13.998,-5.3911,20
-14.327,-4.4441,20
-14.591,-3.4773,20
-14.791,-2.4949,20
-14.925,-1.5014,20
-14.992,-0.50122,20
-14.992,0.50122,20
-14.925,1.5014,20
-14.791,2.4949,20
-14.591,3.4773,20
-14.327,4.4441,20
-13.998,5.3911,20
-13.606,6.314,20
-13.154,7.2087,20
-12.643,8.0712,20
-12.076,8.8977,20
-11.455,9.6844,20
-10.782,10.428,20
-10.062,11.125,20
-9.2962,11.772,20
-8.4892,12.367,20
-7.6442,12.906,20
-6.7652,13.388,20
-5.8558,13.81,20
-4.9204,14.17,20
-3.9629,14.467,20
-2.9878,14.699,20
-1.9993,14.866,20
-1.0019,14.967,20
-3.6739e-15,15,20
0,15,21
1.0019,14.967,21
1.9993,14.866,21
2.9878,14.699,21
3.9629,14.467,21
4.9204,14.17,21
5.8558,13.81,21
6.7652,13.388,21
7.6442,12.906,21
8.4892,12.367,21
9.2962,11.772,21
10.062,11.125,21
10.782,10.428,21
11.455,9.6844,21
12.076,8.8977,21
12.643,8.0712,21
13.154,7.2087,21
13.606,6.314,21
13.998,5.3911,21
14.327,4.4441,21
14.591,3.4773,21
14.791,2.4949,21
14.925,1.5014,21
14.992,0.50122,21
14.992,-0.50122,21
14.925,-1.5014,21
14.791,-2.4949,21
14.591,-3.4773,21
14.327,-4.4441,21
13.998,-5.3911,21
13.606,-6.314,21
13.154,-7.2087,21
12.643,-8.0712,21
12.076,-8.8977,21
11.455,-9.6844,21
10.782,-10.428,21
10.062,-11.125,21
9.2962,-11.772,21
8.4892,-12.367,21
7.6442,-12.906,21
6.7652,-13.388,21
5.8558,-13.81,21
4.9204,-14.17,21
3.9629,-14.467,21
2.9878,-14.699,21
1.9993,-14.866,21
1.0019,-14.967,21
1.837e-15,-15,21
-1.0019,-14.967,21
-1.9993,-14.866,21
-2.9878,-14.699,21
-3.9629,-14.467,21
-4.9204,-14.17,21
-5.8558,-13.81,21
-6.7652,-13.388,21
-7.6442,-12.906,21
-8.4892,-12.367,21
-9.2962,-11.772,21
-10.062,-11.125,21
-10.782,-10.428,21
-11.455,-9.6844,21
-12.076,-8.8977,21
-12.643,-8.0712,21
-13.154,-7.2087,21
-13.606,-6.314,21
-13.998,-5.3911,21
-14.327,-4.4441,21
-14.591,-3.4773,21
-14.791,-2.4949,21
-14.925,-1.5014,21
-14.992,-0.50122,21
-14.992,0.50122,21
-14.925,1.5014,21
-14.791,2.4949,21
-14.591,3.4773,21
-14.327,4.4441,21
-13.998,5.3911,21
-13.606,6.314,21
-13.154,7.2087,21
-12.643,8.0712,21
-12.076,8.8977,21
-11.455,9.6844,21
-10.782,10.428,21
-10.062,11.125,21
-9.2962,11.772,21
-8.4892,12.367,21
-7.6442,12.906,21
-6.7652,13.388,21
-5.8558,13.81,21
-4.9204,14.17,21
-3.9629,14.467,21
-2.9878,14.699,21
-1.9993,14.866,21
-1.0019,14.967,21
-3.6739e-15,15,21
0,15,22
1.0019,14.967,22
1.9993,14.866,22
2.9878,14.699,22
3.9629,14.467,22
4.9204,14.17,22
5.8558,13.81,22
6.7652,13.388,22
7.6442,12.906,22
8.4892,12.367,22
9.2962,11.772,22
10.062,11.125,22
10.782,10.428,22
11.455,9.6844,22
12.076,8.8977,22
12.643,8.0712,22
13.154,7.2087,22
13.606,6.314,22
13.998,5.3911,22
14.327,4.4441,22
14.591,3.4773,22
14.791,2.4949,22
14.925,1.5014,22
14.992,0.50122,22
14.992,-0.50122,22
14.925,-1.5014,22
14.791,-2.4949,22
14.591,-3.4773,22
14.327,-4.4441,22
13.998,-5.3911,22
13.606,-6.314,22
13.154,-7.2087,22
12.643,-8.0712,22
12.076,-8.8977,22
11.455,-9.6844,22
10.782,-10.428,22
10.062,-11.125,22
9.2962,-11.772,22
8.4892,-12.367,22
7.6442,-12.906,22
6.7652,-13.388,22
5.8558,-13.81,22
4.9204,-14.17,22
3.9629,-14.467,22
2.9878,-14.699,22
1.9993,-14.866,22
1.0019,-14.967,22
1.837e-15,-15,22
-1.0019,-14.967,22
-1.9993,-14.866,22
-2.9878,-14.699,22
-3.9629,-14.467,22
-4.9204,-14.17,22
-5.8558,-13.81,22
-6.7652,-13.388,22
-7.6442,-12.906,22
-8.4892,-12.367,22
-9.2962,-11.772,22
-10.062,-11.125,22
-10.782,-10.428,22
-11.455,-9.6844,22
-12.076,-8.8977,22
-12.643,-8.0712,22
-13.154,-7.2087,22
-13.606,-6.314,22
-13.998,-5.3911,22
-14.327,-4.4441,22
-14.591,-3.4773,22
-14.791,-2.4949,22
-14.925,-1.5014,22
-14.992,-0.50122,22
-14.992,0.50122,22
-14.925,1.5014,22
-14.791,2.4949,22
-14.591,3.4773,22
-14.327,4.4441,22
-13.998,5.3911,22
-13.606,6.314,22
-13.154,7.2087,22
-12.643,8.0712,22
-12.076,8.8977,22
-11.455,9.6844,22
-10.782,10.428,22
-10.062,11.125,22
-9.2962,11.772,22
-8.4892,12.367,22
-7.6442,12.906,22
-6.7652,13.388,22
-5.8558,13.81,22
-4.9204,14.17,22
-3.9629,14.467,22
-2.9878,14.699,22
-1.9993,14.866,22
-1.0019,14.967,22
-3.6739e-15,15,22
0,15,23
1.0019,14.967,23
1.9993,14.866,23
2.9878,14.699,23
3.9629,14.467,23
4.9204,14.17,23
5.8558,13.81,23
6.7652,13.388,23
7.6442,12.906,23
8.4892,12.367,23
9.2962,11.772,23
10.062,11.125,23
10.782,10.428,23
11.455,9.6844,23
12.076,8.8977,23
12.643,8.0712,23
13.154,7.2087,23
13.606,6.314,23
13.998,5.3911,23
14.327,4.4441,23
14.591,3.4773,23
14.791,2.4949,23
14.925,1.5014,23
14.992,0.50122,23
14.992,-0.50122,23
14.925,-1.5014,23
14.791,-2.4949,23
14.591,-3.4773,23
14.327,-4.4441,23
13.998,-5.3911,23
13.606,-6.314,23
13.154,-7.2087,23
12.643,-8.0712,23
12.076,-8.8977,23
11.455,-9.6844,23
10.782,-10.428,23
10.062,-11.125,23
9.2962,-11.772,23
8.4892,-12.367,23
7.6442,-12.906,23
6.7652,-13.388,23
5.8558,-13.81,23
4.9204,-14.17,23
3.9629,-14.467,23
2.9878,-14.699,23
1.9993,-14.866,23
1.0019,-14.967,23
1.837e-15,-15,23
-1.0019,-14.967,23
-1.9993,-14.866,23
-2.9878,-14.699,23
-3.9629,-14.467,23
-4.9204,-14.17,23
-5.8558,-13.81,23
-6.7652,-13.388,23
-7.6442,-12.906,23
-8.4892,-12.367,23
-9.2962,-11.772,23
-10.062,-11.125,23
-10.782,-10.428,23
-11.455,-9.6844,23
-12.076,-8.8977,23
-12.643,-8.0712,23
-13.154,-7.2087,23
-13.606,-6.314,23
-13.998,-5.3911,23
-14.327,-4.4441,23
-14.591,-3.4773,23
-14.791,-2.4949,23
-14.925,-1.5014,23
-14.992,-0.50122,23
-14.992,0.50122,23
-14.925,1.5014,23
-14.791,2.4949,23
-14.591,3.4773,23
-14.327,4.4441,23
-13.998,5.3911,23
-13.606,6.314,23
-13.154,7.2087,23
-12.643,8.0712,23
-12.076,8.8977,23
-11.455,9.6844,23
-10.782,10.428,23
-10.062,11.125,23
-9.2962,11.772,23
-8.4892,12.367,23
-7.6442,12.906,23
-6.7652,13.388,23
-5.8558,13.81,23
-4.9204,14.17,23
-3.9629,14.467,23
-2.9878,14.699,23
-1.9993,14.866,23
-1.0019,14.967,23
-3.6739e-15,15,23
0,15,24
1.0019,14.967,24
1.9993,14.866,24
2.9878,14.699,24
3.9629,14.467,24
4.9204,14.17,24
5.8558,13.81,24
6.7652,13.388,24
7.6442,12.906,24
8.4892,12.367,24
9.2962,11.772,24
10.062,11.125,24
10.782,10.428,24
11.455,9.6844,24
12.076,8.8977,24
12.643,8.0712,24
13.154,7.2087,24
13.606,6.314,24
13.998,5.3911,24
14.327,4.4441,24
14.591,3.4773,24
14.791,2.4949,24
14.925,1.5014,24
14.992,0.50122,24
14.992,-0.50122,24
14.925,-1.5014,24
14.791,-2.4949,24
14.591,-3.4773,24
14.327,-4.4441,24
13.998,-5.3911,24
13.606,-6.314,24
13.154,-7.2087,24
12.643,-8.0712,24
12.076,-8.8977,24
11.455,-9.6844,24
10.782,-10.428,24
10.062,-11.125,24
9.2962,-11.772,24
8.4892,-12.367,24
7.6442,-12.906,24
6.7652,-13.388,24
5.8558,-13.81,24
4.9204,-14.17,24
3.9629,-14.467,24
2.9878,-14.699,24
1.9993,-14.866,24
1.0019,-14.967,24
1.837e-15,-15,24
-1.0019,-14.967,24
-1.9993,-14.866,24
-2.9878,-14.699,24
-3.9629,-14.467,24
-4.9204,-14.17,24
-5.8558,-13.81,24
-6.7652,-13.388,24
-7.6442,-12.906,24
-8.4892,-12.367,24
-9.2962,-11.772,24
-10.062,-11.125,24
-10.782,-10.428,24
-11.455,-9.6844,24
-12.076,-8.8977,24
-12.643,-8.0712,24
-13.154,-7.2087,24
-13.606,-6.314,24
-13.998,-5.3911,24
-14.327,-4.4441,24
-14.591,-3.4773,24
-14.791,-2.4949,24
-14.925,-1.5014,24
-14.992,-0.50122,24
-14.992,0.50122,24
-14.925,1.5014,24
-14.791,2.4949,24
-14.591,3.4773,24
-14.327,4.4441,24
-13.998,5.3911,24
-13.606,6.314,24
-13.154,7.2087,24
-12.643,8.0712,24
-12.076,8.8977,24
-11.455,9.6844,24
-10.782,10.428,24
-10.062,11.125,24
-9.2962,11.772,24
-8.4892,12.367,24
-7.6442,12.906,24
-6.7652,13.388,24
-5.8558,13.81,24
-4.9204,14.17,24
-3.9629,14.467,24
-2.9878,14.699,24
-1.9993,14.866,24
-1.0019,14.967,24
-3.6739e-15,15,24
0,15,25
1.0019,14.967,25
1.9993,14.866,25
2.9878,14.699,25
3.9629,14.467,25
4.9204,14.17,25
5.8558,13.81,25
6.7652,13.388,25
7.6442,12.906,25
8.4892,12.367,25
9.2962,11.772,25
10.062,11.125,25
10.782,10.428,25
11.455,9.6844,25
12.076,8.8977,25
12.643,8.0712,25
13.154,7.2087,25
13.606,6.314,25
13.998,5.3911,25
14.327,4.4441,25
14.591,3.4773,25
14.791,2.4949,25
14.925,1.5014,25
14.992,0.50122,25
14.992,-0.50122,25
14.925,-1.5014,25
14.791,-2.4949,25
14.591,-3.4773,25
14.327,-4.4441,25
13.998,-5.3911,25
13.606,-6.314,25
13.154,-7.2087,25
12.643,-8.0712,25
12.076,-8.8977,25
11.455,-9.6844,25
10.782,-10.428,25
10.062,-11.125,25
9.2962,-11.772,25
8.4892,-12.367,25
7.6442,-12.906,25
6.7652,-13.388,25
5.8558,-13.81,25
4.9204,-14.17,25
3.9629,-14.467,25
2.9878,-14.699,25
1.9993,-14.866,25
1.0019,-14.967,25
1.837e-15,-15,25
-1.0019,-14.967,25
-1.9993,-14.866,25
-2.9878,-14.699,25
-3.9629,-14.467,25
-4.9204,-14.17,25
-5.8558,-13.81,25
-6.7652,-13.388,25
-7.6442,-12.906,25
-8.4892,-12.367,25
-9.2962,-11.772,25
-10.062,-11.125,25
-10.782,-10.428,25
-11.455,-9.6844,25
-12.076,-8.8977,25
-12.643,-8.0712,25
-13.154,-7.2087,25
-13.606,-6.314,25
-13.998,-5.3911,25
-14.327,-4.4441,25
-14.591,-3.4773,25
-14.791,-2.4949,25
-14.925,-1.5014,25
-14.992,-0.50122,25
-14.992,0.50122,25
-14.925,1.5014,25
-14.791,2.4949,25
-14.591,3.4773,25
-14.327,4.4441,25
-13.998,5.3911,25
-13.606,6.314,25
-13.154,7.2087,25
-12.643,8.0712,25
-12.076,8.8977,25
-11.455,9.6844,25
-10.782,10.428,25
-10.062,11.125,25
-9.2962,11.772,25
-8.4892,12.367,25
-7.6442,12.906,25
-6.7652,13.388,25
-5.8558,13.81,25
-4.9204,14.17,25
-3.9629,14.467,25
-2.9878,14.699,25
-1.9993,14.866,25
-1.0019,14.967,25
-3.6739e-15,15,25
0,15,26
1.0019,14.967,26
1.9993,14.866,26
2.9878,14.699,26
3.9629,14.467,26
4.9204,14.17,26
5.8558,13.81,26
6.7652,13.388,26
7.6442,12.906,26
8.4892,12.367,26
9.2962,11.772,26
10.062,11.125,26
10.782,10.428,26
11.455,9.6844,26
12.076,8.8977,26
12.643,8.0712,26
13.154,7.2087,26
13.606,6.314,26
13.998,5.3911,26
14.327,4.4441,26
14.591,3.4773,26
14.791,2.4949,26
14.925,1.5014,26
14.992,0.50122,26
14.992,-0.50122,26
14.925,-1.5014,26
14.791,-2.4949,26
14.591,-3.4773,26
14.327,-4.4441,26
13.998,-5.3911,26
13.606,-6.314,26
13.154,-7.2087,26
12.643,-8.0712,26
12.076,-8.8977,26
11.455,-9.6844,26
10.782,-10.428,26
10.062,-11.125,26
9.2962,-11.772,26
8.4892,-12.367,26
7.6442,-12.906,26
6.7652,-13.388,26
5.8558,-13.81,26
4.9204,-14.17,26
3.9629,-14.467,26
2.9878,-14.699,26
1.9993,-14.866,26
1.0019,-14.967,26
1.837e-15,-15,26
-1.0019,-14.967,26
-1.9993,-14.866,26
-2.9878,-14.699,26
-3.9629,-14.467,26
-4.9204,-14.17,26
-5.8558,-13.81,26
-6.7652,-13.388,26
-7.6442,-12.906,26
-8.4892,-12.367,26
-9.2962,-11.772,26
-10.062,-11.125,26
-10.782,-10.428,26
-11.455,-9.6844,26
-12.076,-8.8977,26
-12.643,-8.0712,26
-13.154,-7.2087,26
-13.606,-6.314,26
-13.998,-5.3911,26
-14.327,-4.4441,26
-14.591,-3.4773,26
-14.791,-2.4949,26
-14.925,-1.5014,26
-14.992,-0.50122,26
-14.992,0.50122,26
-14.925,1.5014,26
-14.791,2.4949,26
-14.591,3.4773,26
-14.327,4.4441,26
-13.998,5.3911,26
-13.606,6.314,26
-13.154,7.2087,26
-12.643,8.0712,26
-12.076,8.8977,26
-11.455,9.6844,26
-10.782,10.428,26
-10.062,11.125,26
-9.2962,11.772,26
-8.4892,12.367,26
-7.6442,12.906,26
-6.7652,13.388,26
-5.8558,13.81,26
-4.9204,14.17,26
-3.9629,14.467,26
-2.9878,14.699,26
-1.9993,14.866,26
-1.0019,14.967,26
-3.6739e-15,15,26
0,15,27
1.0019,14.967,27
1.9993,14.866,27
2.9878,14.699,27
3.9629,14.467,27
4.9204,14.17,27
5.8558,13.81,27
6.7652,13.388,27
7.6442,12.906,27
8.4892,12.367,27
9.2962,11.772,27
10.062,11.125,27
10.782,10.428,27
11.455,9.6844,27
12.076,8.8977,27
12.643,8.0712,27
13.154,7.2087,27
13.606,6.314,27
13.998,5.3911,27
14.327,4.4441,27
14.591,3.4773,27
14.791,2.4949,27
14.925,1.5014,27
14.992,0.50122,27
14.992,-0.50122,27
14.925,-1.5014,27
14.791,-2.4949,27
14.591,-3.4773,27
14.327,-4.4441,27
13.998,-5.3911,27
13.606,-6.314,27
13.154,-7.2087,27
12.643,-8.0712,27
12.076,-8.8977,27
11.455,-9.6844,27
10.782,-10.428,27
10.062,-11.125,27
9.2962,-11.772,27
8.4892,-12.367,27
7.6442,-12.906,27
6.7652,-13.388,27
5.8558,-13.81,27
4.9204,-14.17,27
3.9629,-14.467,27
2.9878,-14.699,27
1.9993,-14.866,27
1.0019,-14.967,27
1.837e-15,-15,27
-1.0019,-14.967,27
-1.9993,-14.866,27
-2.9878,-14.699,27
-3.9629,-14.467,27
-4.9204,-14.17,27
-5.8558,-13.81,27
-6.7652,-13.388,27
-7.6442,-12.906,27
-8.4892,-12.367,27
-9.2962,-11.772,27
-10.062,-11.125,27
-10.782,-10.428,27
-11.455,-9.6844,27
-12.076,-8.8977,27
-12.643,-8.0712,27
-13.154,-7.2087,27
-13.606,-6.314,27
-13.998,-5.3911,27
-14.327,-4.4441,27
-14.591,-3.4773,27
-14.791,-2.4949,27
-14.925,-1.5014,27
-14.992,-0.50122,27
-14.992,0.50122,27
-14.925,1.5014,27
-14.791,2.4949,27
-14.591,3.4773,27
-14.327,4.4441,27
-13.998,5.3911,27
-13.606,6.314,27
-13.154,7.2087,27
-12.643,8.0712,27
-12.076,8.8977,27
-11.455,9.6844,27
-10.782,10.428,27
-10.062,11.125,27
-9.2962,11.772,27
-8.4892,12.367,27
-7.6442,12.906,27
-6.7652,13.388,27
-5.8558,13.81,27
-4.9204,14.17,27
-3.9629,14.467,27
-2.9878,14.699,27
-1.9993,14.866,27
-1.0019,14.967,27
-3.6739e-15,15,27
0,15,28
1.0019,14.967,28
1.9993,14.866,28
2.9878,14.699,28
3.9629,14.467,28
4.9204,14.17,28
5.8558,13.81,28
6.7652,13.388,28
7.6442,12.906,28
8.4892,12.367,28
9.2962,11.772,28
10.062,11.125,28
10.782,10.428,28
11.455,9.6844,28
12.076,8.8977,28
12.643,8.0712,28
13.154,7.2087,28
13.606,6.314,28
13.998,5.3911,28
14.327,4.4441,28
14.591,3.4773,28
14.791,2.4949,28
14.925,1.5014,28
14.992,0.50122,28
14.992,-0.50122,28
14.925,-1.5014,28
14.791,-2.4949,28
14.591,-3.4773,28
14.327,-4.4441,28
13.998,-5.3911,28
13.606,-6.314,28
13.154,-7.2087,28
12.643,-8.0712,28
12.076,-8.8977,28
11.455,-9.6844,28
10.782,-10.428,28
10.062,-11.125,28
9.2962,-11.772,28
8.4892,-12.367,28
7.6442,-12.906,28
6.7652,-13.388,28
5.8558,-13.81,28
4.9204,-14.17,28
3.9629,-14.467,28
2.9878,-14.699,28
1.9993,-14.866,28
1.0019,-14.967,28
1.837e-15,-15,28
-1.0019,-14.967,28
-1.9993,-14.866,28
-2.9878,-14.699,28
-3.9629,-14.467,28
-4.9204,-14.17,28
-5.8558,-13.81,28
-6.7652,-13.388,28
-7.6442,-12.906,28
-8.4892,-12.367,28
-9.2962,-11.772,28
-10.062,-11.125,28
-10.782,-10.428,28
-11.455,-9.6844,28
-12.076,-8.8977,28
-12.643,-8.0712,28
-13.154,-7.2087,28
-13.606,-6.314,28
-13.998,-5.3911,28
-14.327,-4.4441,28
-14.591,-3.4773,28
-14.791,-2.4949,28
-14.925,-1.5014,28
-14.992,-0.50122,28
-14.992,0.50122,28
-14.925,1.5014,28
-14.791,2.4949,28
-14.591,3.4773,28
-14.327,4.4441,28
-13.998,5.3911,28
-13.606,6.314,28
-13.154,7.2087,28
-12.643,8.0712,28
-12.076,8.8977,28
-11.455,9.6844,28
-10.782,10.428,28
-10.062,11.125,28
-9.2962,11.772,28
-8.4892,12.367,28
-7.6442,12.906,28
-6.7652,13.388,28
-5.8558,13.81,28
-4.9204,14.17,28
-3.9629,14.467,28
-2.9878,14.699,28
-1.9993,14.866,28
-1.0019,14.967,28
-3.6739e-15,15,28
0,15,29
1.0019,14.967,29
1.9993,14.866,29
2.9878,14.699,29
3.9629,14.467,29
4.9204,14.17,29
5.8558,13.81,29
6.7652,13.388,29
7.6442,12.906,29
8.4892,12.367,29
9.2962,11.772,29
10.062,11.125,29
10.782,10.428,29
11.455,9.6844,29
12.076,8.8977,29
12.643,8.0712,29
13.154,7.2087,29
13.606,6.314,29
13.998,5.3911,29
14.327,4.4441,29
14.591,3.4773,29
14.791,2.4949,29
14.925,1.5014,29
14.992,0.50122,29
14.992,-0.50122,29
14.925,-1.5014,29
14.791,-2.4949,29
14.591,-3.4773,29
14.327,-4.4441,29
13.998,-5.3911,29
13.606,-6.314,29
13.154,-7.2087,29
12.643,-8.0712,29
12.076,-8.8977,29
11.455,-9.6844,29
10.782,-10.428,29
10.062,-11.125,29
9.2962,-11.772,29
8.4892,-12.367,29
7.6442,-12.906,29
6.7652,-13.388,29
5.8558,-13.81,29
4.9204,-14.17,29
3.9629,-14.467,29
2.9878,-14.699,29
1.9993,-14.866,29
1.0019,-14.967,29
1.837e-15,-15,29
-1.0019,-14.967,29
-1.9993,-14.866,29
-2.9878,-14.699,29
-3.9629,-14.467,29
-4.9204,-14.17,29
-5.8558,-13.81,29
-6.7652,-13.388,29
-7.6442,-12.906,29
-8.4892,-12.367,29
-9.2962,-11.772,29
-10.062,-11.125,29
-10.782,-10.428,29
-11.455,-9.6844,29
-12.076,-8.8977,29
-12.643,-8.0712,29
-13.154,-7.2087,29
-13.606,-6.314,29
-13.998,-5.3911,29
-14.327,-4.4441,29
-14.591,-3.4773,29
-14.791,-2.4949,29
-14.925,-1.5014,29
-14.992,-0.50122,29
-14.992,0.50122,29
-14.925,1.5014,29
-14.791,2.4949,29
-14.591,3.4773,29
-14.327,4.4441,29
-13.998,5.3911,29
-13.606,6.314,29
-13.154,7.2087,29
-12.643,8.0712,29
-12.076,8.8977,29
-11.455,9.6844,29
-10.782,10.428,29
-10.062,11.125,29
-9.2962,11.772,29
-8.4892,12.367,29
-7.6442,12.906,29
-6.7652,13.388,29
-5.8558,13.81,29
-4.9204,14.17,29
-3.9629,14.467,29
-2.9878,14.699,29
-1.9993,14.866,29
-1.0019,14.967,29
-3.6739e-15,15,29
0,15,30
1.0019,14.967,30
1.9993,14.866,30
2.9878,14.699,30
3.9629,14.467,30
4.9204,14.17,30
5.8558,13.81,30
6.7652,13.388,30
7.6442,12.906,30
8.4892,12.367,30
9.2962,11.772,30
10.062,11.125,30
10.782,10.428,30
11.455,9.6844,30
12.076,8.8977,30
12.643,8.0712,30
13.154,7.2087,30
13.606,6.314,30
13.998,5.3911,30
14.327,4.4441,30
14.591,3.4773,30
14.791,2.4949,30
14.925,1.5014,30
14.992,0.50122,30
14.992,-0.50122,30
14.925,-1.5014,30
14.791,-2.4949,30
14.591,-3.4773,30
14.327,-4.4441,30
13.998,-5.3911,30
13.606,-6.314,30
13.154,-7.2087,30
12.643,-8.0712,30
12.076,-8.8977,30
11.455,-9.6844,30
10.782,-10.428,30
10.062,-11.125,30
9.2962,-11.772,30
8.4892,-12.367,30
7.6442,-12.906,30
6.7652,-13.388,30
5.8558,-13.81,30
4.9204,-14.17,30
3.9629,-14.467,30
2.9878,-14.699,30
1.9993,-14.866,30
1.0019,-14.967,30
1.837e-15,-15,30
-1.0019,-14.967,30
-1.9993,-14.866,30
-2.9878,-14.699,30
-3.9629,-14.467,30
-4.9204,-14.17,30
-5.8558,-13.81,30
-6.7652,-13.388,30
-7.6442,-12.906,30
-8.4892,-12.367,30
-9.2962,-11.772,30
-10.062,-11.125,30
-10.782,-10.428,30
-11.455,-9.6844,30
-12.076,-8.8977,30
-12.643,-8.0712,30
-13.154,-7.2087,30
-13.606,-6.314,30
-13.998,-5.3911,30
-14.327,-4.4441,30
-14.591,-3.4773,30
-14.791,-2.4949,30
-14.925,-1.5014,30
-14.992,-0.50122,30
-14.992,0.50122,30
-14.925,1.5014,30
-14.791,2.4949,30
-14.591,3.4773,30
-14.327,4.4441,30
-13.998,5.3911,30
-13.606,6.314,30
-13.154,7.2087,30
-12.643,8.0712,30
-12.076,8.8977,30
-11.455,9.6844,30
-10.782,10.428,30
-10.062,11.125,30
-9.2962,11.772,30
-8.4892,12.367,30
-7.6442,12.906,30
-6.7652,13.388,30
-5.8558,13.81,30
-4.9204,14.17,30
-3.9629,14.467,30
-2.9878,14.699,30
-1.9993,14.866,30
-1.0019,14.967,30
-3.6739e-15,15,30
0,15,31
1.0019,14.967,31
1.9993,14.866,31
2.9878,14.699,31
3.9629,14.467,31
4.9204,14.17,31
5.8558,13.81,31
6.7652,13.388,31
7.6442,12.906,31
8.4892,12.367,31
9.2962,11.772,31
10.062,11.125,31
10.782,10.428,31
11.455,9.6844,31
12.076,8.8977,31
12.643,8.0712,31
13.154,7.2087,31
13.606,6.314,31
13.998,5.3911,31
14.327,4.4441,31
14.591,3.4773,31
14.791,2.4949,31
14.925,1.5014,31
14.992,0.50122,31
14.992,-0.50122,31
14.925,-1.5014,31
14.791,-2.4949,31
14.591,-3.4773,31
14.327,-4.4441,31
13.998,-5.3911,31
13.606,-6.314,31
13.154,-7.2087,31
12.643,-8.0712,31
12.076,-8.8977,31
11.455,-9.6844,31
10.782,-10.428,31
10.062,-11.125,31
9.2962,-11.772,31
8.4892,-12.367,31
7.6442,-12.906,31
6.7652,-13.388,31
5.8558,-13.81,31
4.9204,-14.17,31
3.9629,-14.467,31
2.9878,-14.699,31
1.9993,-14.866,31
1.0019,-14.967,31
1.837e-15,-15,31
-1.0019,-14.967,31
-1.9993,-14.866,31
-2.9878,-14.699,31
-3.9629,-14.467,31
-4.9204,-14.17,31
-5.8558,-13.81,31
-6.7652,-13.388,31
-7.6442,-12.906,31
-8.4892,-12.367,31
-9.2962,-11.772,31
-10.062,-11.125,31
-10.782,-10.428,31
-11.455,-9.6844,31
-12.076,-8.8977,31
-12.643,-8.0712,31
-13.154,-7.2087,31
-13.606,-6.314,31
-13.998,-5.3911,31
-14.327,-4.4441,31
-14.591,-3.4773,31
-14.791,-2.4949,31
-14.925,-1.5014,31
-14.992,-0.50122,31
-14.992,0.50122,31
-14.925,1.5014,31
-14.791,2.4949,31
-14.591,3.4773,31
-14.327,4.4441,31
-13.998,5.3911,31
-13.606,6.314,31
-13.154,7.2087,31
-12.643,8.0712,31
-12.076,8.8977,31
-11.455,9.6844,31
-10.782,10.428,31
-10.062,11.125,31
-9.2962,11.772,31
-8.4892,12.367,31
-7.6442,12.906,31
-6.7652,13.388,31
-5.8558,13.81,31
-4.9204,14.17,31
-3.9629,14.467,31
-2.9878,14.699,31
-1.9993,14.866,31
-1.0019,14.967,31
-3.6739e-15,15,31
0,15,32
1.0019,14.967,32
1.9993,14.866,32
2.9878,14.699,32
3.9629,14.467,32
4.9204,14.17,32
5.8558,13.81,32
6.7652,13.388,32
7.6442,12.906,32
8.4892,12.367,32
9.2962,11.772,32
10.062,11.125,32
10.782,10.428,32
11.455,9.6844,32
12.076,8.8977,32
12.643,8.0712,32
13.154,7.2087,32
13.606,6.314,32
13.998,5.3911,32
14.327,4.4441,32
14.591,3.4773,32
14.791,2.4949,32
14.925,1.5014,32
14.992,0.50122,32
14.992,-0.50122,32
14.925,-1.5014,32
14.791,-2.4949,32
14.591,-3.4773,32
14.327,-4.4441,32
13.998,-5.3911,32
13.606,-6.314,32
13.154,-7.2087,32
12.643,-8.0712,32
12.076,-8.8977,32
11.455,-9.6844,32
10.782,-10.428,32
10.062,-11.125,32
9.2962,-11.772,32
8.4892,-12.367,32
7.6442,-12.906,32
6.7652,-13.388,32
5.8558,-13.81,32
4.9204,-14.17,32
3.9629,-14.467,32
2.9878,-14.699,32
1.9993,-14.866,32
1.0019,-14.967,32
1.837e-15,-15,32
-1.0019,-14.967,32
-1.9993,-14.866,32
-2.9878,-14.699,32
-3.9629,-14.467,32
-4.9204,-14.17,32
-5.8558,-13.81,32
-6.7652,-13.388,32
-7.6442,-12.906,32
-8.4892,-12.367,32
-9.2962,-11.772,32
-10.062,-11.125,32
-10.782,-10.428,32
-11.455,-9.6844,32
-12.076,-8.8977,32
-12.643,-8.0712,32
-13.154,-7.2087,32
-13.606,-6.314,32
-13.998,-5.3911,32
-14.327,-4.4441,32
-14.591,-3.4773,32
-14.791,-2.4949,32
-14.925,-1.5014,32
-14.992,-0.50122,32
-14.992,0.50122,32
-14.925,1.5014,32
-14.791,2.4949,32
-14.591,3.4773,32
-14.327,4.4441,32
-13.998,5.3911,32
-13.606,6.314,32
-13.154,7.2087,32
-12.643,8.0712,32
-12.076,8.8977,32
-11.455,9.6844,32
-10.782,10.428,32
-10.062,11.125,32
-9.2962,11.772,32
-8.4892,12.367,32
-7.6442,12.906,32
-6.7652,13.388,32
-5.8558,13.81,32
-4.9204,14.17,32
-3.9629,14.467,32
-2.9878,14.699,32
-1.9993,14.866,32
-1.0019,14.967,32
-3.6739e-15,15,32
0,15,33
1.0019,14.967,33
1.9993,14.866,33
2.9878,14.699,33
3.9629,14.467,33
4.9204,14.17,33
5.8558,13.81,33
6.7652,13.388,33
7.6442,12.906,33
8.4892,12.367,33
9.2962,11.772,33
10.062,11.125,33
10.782,10.428,33
11.455,9.6844,33
12.076,8.8977,33
12.643,8.0712,33
13.154,7.2087,33
13.606,6.314,33
13.998,5.3911,33
14.327,4.4441,33
14.591,3.4773,33
14.791,2.4949,33
14.925,1.5014,33
14.992,0.50122,33
14.992,-0.50122,33
14.925,-1.5014,33
14.791,-2.4949,33
14.591,-3.4773,33
14.327,-4.4441,33
13.998,-5.3911,33
13.606,-6.314,33
13.154,-7.2087,33
12.643,-8.0712,33
12.076,-8.8977,33
11.455,-9.6844,33
10.782,-10.428,33
10.062,-11.125,33
9.2962,-11.772,33
8.4892,-12.367,33
7.6442,-12.906,33
6.7652,-13.388,33
5.8558,-13.81,33
4.9204,-14.17,33
3.9629,-14.467,33
2.9878,-14.699,33
1.9993,-14.866,33
1.0019,-14.967,33
1.837e-15,-15,33
-1.0019,-14.967,33
-1.9993,-14.866,33
-2.9878,-14.699,33
-3.9629,-14.467,33
-4.9204,-14.17,33
-5.8558,-13.81,33
-6.7652,-13.388,33
-7.6442,-12.906,33
-8.4892,-12.367,33
-9.2962,-11.772,33
-10.062,-11.125,33
-10.782,-10.428,33
-11.455,-9.6844,33
-12.076,-8.8977,33
-12.643,-8.0712,33
-13.154,-7.2087,33
-13.606,-6.314,33
-13.998,-5.3911,33
-14.327,-4.4441,33
-14.591,-3.4773,33
-14.791,-2.4949,33
-14.925,-1.5014,33
-14.992,-0.50122,33
-14.992,0.50122,33
-14.925,1.5014,33
-14.791,2.4949,33
-14.591,3.4773,33
-14.327,4.4441,33
-13.998,5.3911,33
-13.606,6.314,33
-13.154,7.2087,33
-12.643,8.0712,33
-12.076,8.8977,33
-11.455,9.6844,33
-10.782,10.428,33
-10.062,11.125,33
-9.2962,11.772,33
-8.4892,12.367,33
-7.6442,12.906,33
-6.7652,13.388,33
-5.8558,13.81,33
-4.9204,14.17,33
-3.9629,14.467,33
-2.9878,14.699,33
-1.9993,14.866,33
-1.0019,14.967,33
-3.6739e-15,15,33
0,15,34
1.0019,14.967,34
1.9993,14.866,34
2.9878,14.699,34
3.9629,14.467,34
4.9204,14.17,34
5.8558,13.81,34
6.7652,13.388,34
7.6442,12.906,34
8.4892,12.367,34
9.2962,11.772,34
10.062,11.125,34
10.782,10.428,34
11.455,9.6844,34
12.076,8.8977,34
12.643,8.0712,34
13.154,7.2087,34
13.606,6.314,34
13.998,5.3911,34
14.327,4.4441,34
14.591,3.4773,34
14.791,2.4949,34
14.925,1.5014,34
14.992,0.50122,34
14.992,-0.50122,34
14.925,-1.5014,34
14.791,-2.4949,34
14.591,-3.4773,34
14.327,-4.4441,34
13.998,-5.3911,34
13.606,-6.314,34
13.154,-7.2087,34
12.643,-8.0712,34
12.076,-8.8977,34
11.455,-9.6844,34
10.782,-10.428,34
10.062,-11.125,34
9.2962,-11.772,34
8.4892,-12.367,34
7.6442,-12.906,34
6.7652,-13.388,34
5.8558,-13.81,34
4.9204,-14.17,34
3.9629,-14.467,34
2.9878,-14.699,34
1.9993,-14.866,34
1.0019,-14.967,34
1.837e-15,-15,34
-1.0019,-14.967,34
-1.9993,-14.866,34
-2.9878,-14.699,34
-3.9629,-14.467,34
-4.9204,-14.17,34
-5.8558,-13.81,34
-6.7652,-13.388,34
-7.6442,-12.906,34
-8.4892,-12.367,34
-9.2962,-11.772,34
-10.062,-11.125,34
-10.782,-10.428,34
-11.455,-9.6844,34
-12.076,-8.8977,34
-12.643,-8.0712,34
-13.154,-7.2087,34
-13.606,-6.314,34
-13.998,-5.3911,34
-14.327,-4.4441,34
-14.591,-3.4773,34
-14.791,-2.4949,34
-14.925,-1.5014,34
-14.992,-0.50122,34
-14.992,0.50122,34
-14.925,1.5014,34
-14.791,2.4949,34
-14.591,3.4773,34
-14.327,4.4441,34
-13.998,5.3911,34
-13.606,6.314,34
-13.154,7.2087,34
-12.643,8.0712,34
-12.076,8.8977,34
-11.455,9.6844,34
-10.782,10.428,34
-10.062,11.125,34
-9.2962,11.772,34
-8.4892,12.367,34
-7.6442,12.906,34
-6.7652,13.388,34
-5.8558,13.81,34
-4.9204,14.17,34
-3.9629,14.467,34
-2.9878,14.699,34
-1.9993,14.866,34
-1.0019,14.967,34
-3.6739e-15,15,34
0,15,35
1.0019,14.967,35
1.9993,14.866,35
2.9878,14.699,35
3.9629,14.467,35
4.9204,14.17,35
5.8558,13.81,35
6.7652,13.388,35
7.6442,12.906,35
8.4892,12.367,35
9.2962,11.772,35
10.062,11.125,35
10.782,10.428,35
11.455,9.6844,35
12.076,8.8977,35
12.643,8.0712,35
13.154,7.2087,35
13.606,6.314,35
13.998,5.3911,35
14.327,4.4441,35
14.591,3.4773,35
14.791,2.4949,35
14.925,1.5014,35
14.992,0.50122,35
14.992,-0.50122,35
14.925,-1.5014,35
14.791,-2.4949,35
14.591,-3.4773,35
14.327,-4.4441,35
13.998,-5.3911,35
13.606,-6.314,35
13.154,-7.2087,35
12.643,-8.0712,35
12.076,-8.8977,35
11.455,-9.6844,35
10.782,-10.428,35
10.062,-11.125,35
9.2962,-11.772,35
8.4892,-12.367,35
7.6442,-12.906,35
6.7652,-13.388,35
5.8558,-13.81,35
4.9204,-14.17,35
3.9629,-14.467,35
2.9878,-14.699,35
1.9993,-14.866,35
1.0019,-14.967,35
1.837e-15,-15,35
-1.0019,-14.967,35
-1.9993,-14.866,35
-2.9878,-14.699,35
-3.9629,-14.467,35
-4.9204,-14.17,35
-5.8558,-13.81,35
-6.7652,-13.388,35
-7.6442,-12.906,35
-8.4892,-12.367,35
-9.2962,-11.772,35
-10.062,-11.125,35
-10.782,-10.428,35
-11.455,-9.6844,35
-12.076,-8.8977,35
-12.643,-8.0712,35
-13.154,-7.2087,35
-13.606,-6.314,35
-13.998,-5.3911,35
-14.327,-4.4441,35
-14.591,-3.4773,35
-14.791,-2.4949,35
-14.925,-1.5014,35
-14.992,-0.50122,35
-14.992,0.50122,35
-14.925,1.5014,35
-14.791,2.4949,35
-14.591,3.4773,35
-14.327,4.4441,35
-13.998,5.3911,35
-13.606,6.314,35
-13.154,7.2087,35
-12.643,8.0712,35
-12.076,8.8977,35
-11.455,9.6844,35
-10.782,10.428,35
-10.062,11.125,35
-9.2962,11.772,35
-8.4892,12.367,35
-7.6442,12.906,35
-6.7652,13.388,35
-5.8558,13.81,35
-4.9204,14.17,35
-3.9629,14.467,35
-2.9878,14.699,35
-1.9993,14.866,35
-1.0019,14.967,35
-3.6739e-15,15,35
0,15,36
1.0019,14.967,36
1.9993,14.866,36
2.9878,14.699,36
3.9629,14.467,36
4.9204,14.17,36
5.8558,13.81,36
6.7652,13.388,36
7.6442,12.906,36
8.4892,12.367,36
9.2962,11.772,36
10.062,11.125,36
10.782,10.428,36
11.455,9.6844,36
12.076,8.8977,36
12.643,8.0712,36
13.154,7.2087,36
13.606,6.314,36
13.998,5.3911,36
14.327,4.4441,36
14.591,3.4773,36
14.791,2.4949,36
14.925,1.5014,36
14.992,0.50122,36
14.992,-0.50122,36
14.925,-1.5014,36
14.791,-2.4949,36
14.591,-3.4773,36
14.327,-4.4441,36
13.998,-5.3911,36
13.606,-6.314,36
13.154,-7.2087,36
12.643,-8.0712,36
12.076,-8.8977,36
11.455,-9.6844,36
10.782,-10.428,36
10.062,-11.125,36
9.2962,-11.772,36
8.4892,-12.367,36
7.6442,-12.906,36
6.7652,-13.388,36
5.8558,-13.81,36
4.9204,-14.17,36
3.9629,-14.467,36
2.9878,-14.699,36
1.9993,-14.866,36
1.0019,-14.967,36
1.837e-15,-15,36
-1.0019,-14.967,36
-1.9993,-14.866,36
-2.9878,-14.699,36
-3.9629,-14.467,36
-4.9204,-14.17,36
-5.8558,-13.81,36
-6.7652,-13.388,36
-7.6442,-12.906,36
-8.4892,-12.367,36
-9.2962,-11.772,36
-10.062,-11.125,36
-10.782,-10.428,36
-11.455,-9.6844,36
-12.076,-8.8977,36
-12.643,-8.0712,36
-13.154,-7.2087,36
-13.606,-6.314,36
-13.998,-5.3911,36
-14.327,-4.4441,36
-14.591,-3.4773,36
-14.791,-2.4949,36
-14.925,-1.5014,36
-14.992,-0.50122,36
-14.992,0.50122,36
-14.925,1.5014,36
-14.791,2.4949,36
-14.591,3.4773,36
-14.327,4.4441,36
-13.998,5.3911,36
-13.606,6.314,36
-13.154,7.2087,36
-12.643,8.0712,36
-12.076,8.8977,36
-11.455,9.6844,36
-10.782,10.428,36
-10.062,11.125,36
-9.2962,11.772,36
-8.4892,12.367,36
-7.6442,12.906,36
-6.7652,13.388,36
-5.8558,13.81,36
-4.9204,14.17,36
-3.9629,14.467,36
-2.9878,14.699,36
-1.9993,14.866,36
-1.0019,14.967,36
-3.6739e-15,15,36
0,15,37
1.0019,14.967,37
1.9993,14.866,37
2.9878,14.699,37
3.9629,14.467,37
4.9204,14.17,37
5.8558,13.81,37
6.7652,13.388,37
7.6442,12.906,37
8.4892,12.367,37
9.2962,11.772,37
10.062,11.125,37
10.782,10.428,37
11.455,9.6844,37
12.076,8.8977,37
12.643,8.0712,37
13.154,7.2087,37
13.606,6.314,37
13.998,5.3911,37
14.327,4.4441,37
14.591,3.4773,37
14.791,2.4949,37
14.925,1.5014,37
14.992,0.50122,37
14.992,-0.50122,37
14.925,-1.5014,37
14.791,-2.4949,37
14.591,-3.4773,37
14.327,-4.4441,37
13.998,-5.3911,37
13.606,-6.314,37
13.154,-7.2087,37
12.643,-8.0712,37
12.076,-8.8977,37
11.455,-9.6844,37
10.782,-10.428,37
10.062,-11.125,37
9.2962,-11.772,37
8.4892,-12.367,37
7.6442,-12.906,37
6.7652,-13.388,37
5.8558,-13.81,37
4.9204,-14.17,37
3.9629,-14.467,37
2.9878,-14.699,37
1.9993,-14.866,37
1.0019,-14.967,37
1.837e-15,-15,37
-1.0019,-14.967,37
-1.9993,-14.866,37
-2.9878,-14.699,37
-3.9629,-14.467,37
-4.9204,-14.17,37
-5.8558,-13.81,37
-6.7652,-13.388,37
-7.6442,-12.906,37
-8.4892,-12.367,37
-9.2962,-11.772,37
-10.062,-11.125,37
-10.782,-10.428,37
-11.455,-9.6844,37
-12.076,-8.8977,37
-12.643,-8.0712,37
-13.154,-7.2087,37
-13.606,-6.314,37
-13.998,-5.3911,37
-14.327,-4.4441,37
-14.591,-3.4773,37
-14.791,-2.4949,37
-14.925,-1.5014,37
-14.992,-0.50122,37
-14.992,0.50122,37
-14.925,1.5014,37
-14.791,2.4949,37
-14.591,3.4773,37
-14.327,4.4441,37
-13.998,5.3911,37
-13.606,6.314,37
-13.154,7.2087,37
-12.643,8.0712,37
-12.076,8.8977,37
-11.455,9.6844,37
-10.782,10.428,37
-10.062,11.125,37
-9.2962,11.772,37
-8.4892,12.367,37
-7.6442,12.906,37
-6.7652,13.388,37
-5.8558,13.81,37
-4.9204,14.17,37
-3.9629,14.467,37
-2.9878,14.699,37
-1.9993,14.866,37
-1.0019,14.967,37
-3.6739e-15,15,37
0,15,38
1.0019,14.967,38
1.9993,14.866,38
2.9878,14.699,38
3.9629,14.467,38
4.9204,14.17,38
5.8558,13.81,38
6.7652,13.388,38
7.6442,12.906,38
8.4892,12.367,38
9.2962,11.772,38
10.062,11.125,38
10.782,10.428,38
11.455,9.6844,38
12.076,8.8977,38
12.643,8.0712,38
13.154,7.2087,38
13.606,6.314,38
13.998,5.3911,38
14.327,4.4441,38
14.591,3.4773,38
14.791,2.4949,38
14.925,1.5014,38
14.992,0.50122,38
14.992,-0.50122,38
14.925,-1.5014,38
14.791,-2.4949,38
14.591,-3.4773,38
14.327,-4.4441,38
13.998,-5.3911,38
13.606,-6.314,38
13.154,-7.2087,38
12.643,-8.0712,38
12.076,-8.8977,38
11.455,-9.6844,38
10.782,-10.428,38
10.062,-11.125,38
9.2962,-11.772,38
8.4892,-12.367,38
7.6442,-12.906,38
6.7652,-13.388,38
5.8558,-13.81,38
4.9204,-14.17,38
3.9629,-14.467,38
2.9878,-14.699,38
1.9993,-14.866,38
1.0019,-14.967,38
1.837e-15,-15,38
-1.0019,-14.967,38
-1.9993,-14.866,38
-2.9878,-14.699,38
-3.9629,-14.467,38
-4.9204,-14.17,38
-5.8558,-13.81,38
-6.7652,-13.388,38
-7.6442,-12.906,38
-8.4892,-12.367,38
-9.2962,-11.772,38
-10.062,-11.125,38
-10.782,-10.428,38
-11.455,-9.6844,38
-12.076,-8.8977,38
-12.643,-8.0712,38
-13.154,-7.2087,38
-13.606,-6.314,38
-13.998,-5.3911,38
-14.327,-4.4441,38
-14.591,-3.4773,38
-14.791,-2.4949,38
-14.925,-1.5014,38
-14.992,-0.50122,38
-14.992,0.50122,38
-14.925,1.5014,38
-14.791,2.4949,38
-14.591,3.4773,38
-14.327,4.4441,38
-13.998,5.3911,38
-13.606,6.314,38
-13.154,7.2087,38
-12.643,8.0712,38
-12.076,8.8977,38
-11.455,9.6844,38
-10.782,10.428,38
-10.062,11.125,38
-9.2962,11.772,38
-8.4892,12.367,38
-7.6442,12.906,38
-6.7652,13.388,38
-5.8558,13.81,38
-4.9204,14.17,38
-3.9629,14.467,38
-2.9878,14.699,38
-1.9993,14.866,38
-1.0019,14.967,38
-3.6739e-15,15,38
0,15,39
1.0019,14.967,39
1.9993,14.866,39
2.9878,14.699,39
3.9629,14.467,39
4.9204,14.17,39
5.8558,13.81,39
6.7652,13.388,39
7.6442,12.906,39
8.4892,12.367,39
9.2962,11.772,39
10.062,11.125,39
10.782,10.428,39
11.455,9.6844,39
12.076,8.8977,39
12.643,8.0712,39
13.154,7.2087,39
13.606,6.314,39
13.998,5.3911,39
14.327,4.4441,39
14.591,3.4773,39
14.791,2.4949,39
14.925,1.5014,39
14.992,0.50122,39
14.992,-0.50122,39
14.925,-1.5014,39
14.791,-2.4949,39
14.591,-3.4773,39
14.327,-4.4441,39
13.998,-5.3911,39
13.606,-6.314,39
13.154,-7.2087,39
12.643,-8.0712,39
12.076,-8.8977,39
11.455,-9.6844,39
10.782,-10.428,39
10.062,-11.125,39
9.2962,-11.772,39
8.4892,-12.367,39
7.6442,-12.906,39
6.7652,-13.388,39
5.8558,-13.81,39
4.9204,-14.17,39
3.9629,-14.467,39
2.9878,-14.699,39
1.9993,-14.866,39
1.0019,-14.967,39
1.837e-15,-15,39
-1.0019,-14.967,39
-1.9993,-14.866,39
-2.9878,-14.699,39
-3.9629,-14.467,39
-4.9204,-14.17,39
-5.8558,-13.81,39
-6.7652,-13.388,39
-7.6442,-12.906,39
-8.4892,-12.367,39
-9.2962,-11.772,39
-10.062,-11.125,39
-10.782,-10.428,39
-11.455,-9.6844,39
-12.076,-8.8977,39
-12.643,-8.0712,39
-13.154,-7.2087,39
-13.606,-6.314,39
-13.998,-5.3911,39
-14.327,-4.4441,39
-14.591,-3.4773,39
-14.791,-2.4949,39
-14.925,-1.5014,39
-14.992,-0.50122,39
-14.992,0.50122,39
-14.925,1.5014,39
-14.791,2.4949,39
-14.591,3.4773,39
-14.327,4.4441,39
-13.998,5.3911,39
-13.606,6.314,39
-13.154,7.2087,39
-12.643,8.0712,39
-12.076,8.8977,39
-11.455,9.6844,39
-10.782,10.428,39
-10.062,11.125,39
-9.2962,11.772,39
-8.4892,12.367,39
-7.6442,12.906,39
-6.7652,13.388,39
-5.8558,13.81,39
-4.9204,14.17,39
-3.9629,14.467,39
-2.9878,14.699,39
-1.9993,14.866,39
-1.0019,14.967,39
-3.6739e-15,15,39
0,15,40
1.0019,14.967,40
1.9993,14.866,40
2.9878,14.699,40
3.9629,14.467,40
4.9204,14.17,40
5.8558,13.81,40
6.7652,13.388,40
7.6442,12.906,40
8.4892,12.367,40
9.2962,11.772,40
10.062,11.125,40
10.782,10.428,40
11.455,9.6844,40
12.076,8.8977,40
12.643,8.0712,40
13.154,7.2087,40
13.606,6.314,40
13.998,5.3911,40
14.327,4.4441,40
14.591,3.4773,40
14.791,2.4949,40
14.925,1.5014,40
14.992,0.50122,40
14.992,-0.50122,40
14.925,-1.5014,40
14.791,-2.4949,40
14.591,-3.4773,40
14.327,-4.4441,40
13.998,-5.3911,40
13.606,-6.314,40
13.154,-7.2087,40
12.643,-8.0712,40
12.076,-8.8977,40
11.455,-9.6844,40
10.782,-10.428,40
10.062,-11.125,40
9.2962,-11.772,40
8.4892,-12.367,40
7.6442,-12.906,40
6.7652,-13.388,40
5.8558,-13.81,40
4.9204,-14.17,40
3.9629,-14.467,40
2.9878,-14.699,40
1.9993,-14.866,40
1.0019,-14.967,40
1.837e-15,-15,40
-1.0019,-14.967,40
-1.9993,-14.866,40
-2.9878,-14.699,40
-3.9629,-14.467,40
-4.9204,-14.17,40
-5.8558,-13.81,40
-6.7652,-13.388,40
-7.6442,-12.906,40
-8.4892,-12.367,40
-9.2962,-11.772,40
-10.062,-11.125,40
-10.782,-10.428,40
-11.455,-9.6844,40
-12.076,-8.8977,40
-12.643,-8.0712,40
-13.154,-7.2087,40
-13.606,-6.314,40
-13.998,-5.3911,40
-14.327,-4.4441,40
-14.591,-3.4773,40
-14.791,-2.4949,40
-14.925,-1.5014,40
-14.992,-0.50122,40
-14.992,0.50122,40
-14.925,1.5014,40
-14.791,2.4949,40
-14.591,3.4773,40
-14.327,4.4441,40
-13.998,5.3911,40
-13.606,6.314,40
-13.154,7.2087,40
-12.643,8.0712,40
-12.076,8.8977,40
-11.455,9.6844,40
-10.782,10.428,40
-10.062,11.125,40
-9.2962,11.772,40
-8.4892,12.367,40
-7.6442,12.906,40
-6.7652,13.388,40
-5.8558,13.81,40
-4.9204,14.17,40
-3.9629,14.467,40
-2.9878,14.699,40
-1.9993,14.866,40
-1.0019,14.967,40
-3.6739e-15,15,40
0,15,41
1.0019,14.967,41
1.9993,14.866,41
2.9878,14.699,41
3.9629,14.467,41
4.9204,14.17,41
5.8558,13.81,41
6.7652,13.388,41
7.6442,12.906,41
8.4892,12.367,41
9.2962,11.772,41
10.062,11.125,41
10.782,10.428,41
11.455,9.6844,41
12.076,8.8977,41
12.643,8.0712,41
13.154,7.2087,41
13.606,6.314,41
13.998,5.3911,41
14.327,4.4441,41
14.591,3.4773,41
14.791,2.4949,41
14.925,1.5014,41
14.992,0.50122,41
14.992,-0.50122,41
14.925,-1.5014,41
14.791,-2.4949,41
14.591,-3.4773,41
14.327,-4.4441,41
13.998,-5.3911,41
13.606,-6.314,41
13.154,-7.2087,41
12.643,-8.0712,41
12.076,-8.8977,41
11.455,-9.6844,41
10.782,-10.428,41
10.062,-11.125,41
9.2962,-11.772,41
8.4892,-12.367,41
7.6442,-12.906,41
6.7652,-13.388,41
5.8558,-13.81,41
4.9204,-14.17,41
3.9629,-14.467,41
2.9878,-14.699,41
1.9993,-14.866,41
1.0019,-14.967,41
1.837e-15,-15,41
-1.0019,-14.967,41
-1.9993,-14.866,41
-2.9878,-14.699,41
-3.9629,-14.467,41
-4.9204,-14.17,41
-5.8558,-13.81,41
-6.7652,-13.388,41
-7.6442,-12.906,41
-8.4892,-12.367,41
-9.2962,-11.772,41
-10.062,-11.125,41
-10.782,-10.428,41
-11.455,-9.6844,41
-12.076,-8.8977,41
-12.643,-8.0712,41
-13.154,-7.2087,41
-13.606,-6.314,41
-13.998,-5.3911,41
-14.327,-4.4441,41
-14.591,-3.4773,41
-14.791,-2.4949,41
-14.925,-1.5014,41
-14.992,-0.50122,41
-14.992,0.50122,41
-14.925,1.5014,41
-14.791,2.4949,41
-14.591,3.4773,41
-14.327,4.4441,41
-13.998,5.3911,41
-13.606,6.314,41
-13.154,7.2087,41
-12.643,8.0712,41
-12.076,8.8977,41
-11.455,9.6844,41
-10.782,10.428,41
-10.062,11.125,41
-9.2962,11.772,41
-8.4892,12.367,41
-7.6442,12.906,41
-6.7652,13.388,41
-5.8558,13.81,41
-4.9204,14.17,41
-3.9629,14.467,41
-2.9878,14.699,41
-1.9993,14.866,41
-1.0019,14.967,41
-3.6739e-15,15,41
0,15,42
1.0019,14.967,42
1.9993,14.866,42
2.9878,14.699,42
3.9629,14.467,42
4.9204,14.17,42
5.8558,13.81,42
6.7652,13.388,42
7.6442,12.906,42
8.4892,12.367,42
9.2962,11.772,42
10.062,11.125,42
10.782,10.428,42
11.455,9.6844,42
12.076,8.8977,42
12.643,8.0712,42
13.154,7.2087,42
13.606,6.314,42
13.998,5.3911,42
14.327,4.4441,42
14.591,3.4773,42
14.791,2.4949,42
14.925,1.5014,42
14.992,0.50122,42
14.992,-0.50122,42
14.925,-1.5014,42
14.791,-2.4949,42
14.591,-3.4773,42
14.327,-4.4441,42
13.998,-5.3911,42
13.606,-6.314,42
13.154,-7.2087,42
12.643,-8.0712,42
12.076,-8.8977,42
11.455,-9.6844,42
10.782,-10.428,42
10.062,-11.125,42
9.2962,-11.772,42
8.4892,-12.367,42
7.6442,-12.906,42
6.7652,-13.388,42
5.8558,-13.81,42
4.9204,-14.17,42
3.9629,-14.467,42
2.9878,-14.699,42
1.9993,-14.866,42
1.0019,-14.967,42
1.837e-15,-15,42
-1.0019,-14.967,42
-1.9993,-14.866,42
-2.9878,-14.699,42
-3.9629,-14.467,42
-4.9204,-14.17,42
-5.8558,-13.81,42
-6.7652,-13.388,42
-7.6442,-12.906,42
-8.4892,-12.367,42
-9.2962,-11.772,42
-10.062,-11.125,42
-10.782,-10.428,42
-11.455,-9.6844,42
-12.076,-8.8977,42
-12.643,-8.0712,42
-13.154,-7.2087,42
-13.606,-6.314,42
-13.998,-5.3911,42
-14.327,-4.4441,42
-14.591,-3.4773,42
-14.791,-2.4949,42
-14.925,-1.5014,42
-14.992,-0.50122,42
-14.992,0.50122,42
-14.925,1.5014,42
-14.791,2.4949,42
-14.591,3.4773,42
-14.327,4.4441,42
-13.998,5.3911,42
-13.606,6.314,42
-13.154,7.2087,42
-12.643,8.0712,42
-12.076,8.8977,42
-11.455,9.6844,42
-10.782,10.428,42
-10.062,11.125,42
-9.2962,11.772,42
-8.4892,12.367,42
-7.6442,12.906,42
-6.7652,13.388,42
-5.8558,13.81,42
-4.9204,14.17,42
-3.9629,14.467,42
-2.9878,14.699,42
-1.9993,14.866,42
-1.0019,14.967,42
-3.6739e-15,15,42
0,15,43
1.0019,14.967,43
1.9993,14.866,43
2.9878,14.699,43
3.9629,14.467,43
4.9204,14.17,43
5.8558,13.81,43
6.7652,13.388,43
7.6442,12.906,43
8.4892,12.367,43
9.2962,11.772,43
10.062,11.125,43
10.782,10.428,43
11.455,9.6844,43
12.076,8.8977,43
12.643,8.0712,43
13.154,7.2087,43
13.606,6.314,43
13.998,5.3911,43
14.327,4.4441,43
14.591,3.4773,43
14.791,2.4949,43
14.925,1.5014,43
14.992,0.50122,43
14.992,-0.50122,43
14.925,-1.5014,43
14.791,-2.4949,43
14.591,-3.4773,43
14.327,-4.4441,43
13.998,-5.3911,43
13.606,-6.314,43
13.154,-7.2087,43
12.643,-8.0712,43
12.076,-8.8977,43
11.455,-9.6844,43
10.782,-10.428,43
10.062,-11.125,43
9.2962,-11.772,43
8.4892,-12.367,43
7.6442,-12.906,43
6.7652,-13.388,43
5.8558,-13.81,43
4.9204,-14.17,43
3.9629,-14.467,43
2.9878,-14.699,43
1.9993,-14.866,43
1.0019,-14.967,43
1.837e-15,-15,43
-1.0019,-14.967,43
-1.9993,-14.866,43
-2.9878,-14.699,43
-3.9629,-14.467,43
-4.9204,-14.17,43
-5.8558,-13.81,43
-6.7652,-13.388,43
-7.6442,-12.906,43
-8.4892,-12.367,43
-9.2962,-11.772,43
-10.062,-11.125,43
-10.782,-10.428,43
-11.455,-9.6844,43
-12.076,-8.8977,43
-12.643,-8.0712,43
-13.154,-7.2087,43
-13.606,-6.314,43
-13.998,-5.3911,43
-14.327,-4.4441,43
-14.591,-3.4773,43
-14.791,-2.4949,43
-14.925,-1.5014,43
-14.992,-0.50122,43
-14.992,0.50122,43
-14.925,1.5014,43
-14.791,2.4949,43
-14.591,3.4773,43
-14.327,4.4441,43
-13.998,5.3911,43
-13.606,6.314,43
-13.154,7.2087,43
-12.643,8.0712,43
-12.076,8.8977,43
-11.455,9.6844,43
-10.782,10.428,43
-10.062,11.125,43
-9.2962,11.772,43
-8.4892,12.367,43
-7.6442,12.906,43
-6.7652,13.388,43
-5.8558,13.81,43
-4.9204,14.17,43
-3.9629,14.467,43
-2.9878,14.699,43
-1.9993,14.866,43
-1.0019,14.967,43
-3.6739e-15,15,43
0,15,44
1.0019,14.967,44
1.9993,14.866,44
2.9878,14.699,44
3.9629,14.467,44
4.9204,14.17,44
5.8558,13.81,44
6.7652,13.388,44
7.6442,12.906,44
8.4892,12.367,44
9.2962,11.772,44
10.062,11.125,44
10.782,10.428,44
11.455,9.6844,44
12.076,8.8977,44
12.643,8.0712,44
13.154,7.2087,44
13.606,6.314,44
13.998,5.3911,44
14.327,4.4441,44
14.591,3.4773,44
14.791,2.4949,44
14.925,1.5014,44
14.992,0.50122,44
14.992,-0.50122,44
14.925,-1.5014,44
14.791,-2.4949,44
14.591,-3.4773,44
14.327,-4.4441,44
13.998,-5.3911,44
13.606,-6.314,44
13.154,-7.2087,44
12.643,-8.0712,44
12.076,-8.8977,44
11.455,-9.6844,44
10.782,-10.428,44
10.062,-11.125,44
9.2962,-11.772,44
8.4892,-12.367,44
7.6442,-12.906,44
6.7652,-13.388,44
5.8558,-13.81,44
4.9204,-14.17,44
3.9629,-14.467,44
2.9878,-14.699,44
1.9993,-14.866,44
1.0019,-14.967,44
1.837e-15,-15,44
-1.0019,-14.967,44
-1.9993,-14.866,44
-2.9878,-14.699,44
-3.9629,-14.467,44
-4.9204,-14.17,44
-5.8558,-13.81,44
-6.7652,-13.388,44
-7.6442,-12.906,44
-8.4892,-12.367,44
-9.2962,-11.772,44
-10.062,-11.125,44
-10.782,-10.428,44
-11.455,-9.6844,44
-12.076,-8.8977,44
-12.643,-8.0712,44
-13.154,-7.2087,44
-13.606,-6.314,44
-13.998,-5.3911,44
-14.327,-4.4441,44
-14.591,-3.4773,44
-14.791,-2.4949,44
-14.925,-1.5014,44
-14.992,-0.50122,44
-14.992,0.50122,44
-14.925,1.5014,44
-14.791,2.4949,44
-14.591,3.4773,44
-14.327,4.4441,44
-13.998,5.3911,44
-13.606,6.314,44
-13.154,7.2087,44
-12.643,8.0712,44
-12.076,8.8977,44
-11.455,9.6844,44
-10.782,10.428,44
-10.062,11.125,44
-9.2962,11.772,44
-8.4892,12.367,44
-7.6442,12.906,44
-6.7652,13.388,44
-5.8558,13.81,44
-4.9204,14.17,44
-3.9629,14.467,44
-2.9878,14.699,44
-1.9993,14.866,44
-1.0019,14.967,44
-3.6739e-15,15,44
0,15,45
1.0019,14.967,45
1.9993,14.866,45
2.9878,14.699,45
3.9629,14.467,45
4.9204,14.17,45
5.8558,13.81,45
6.7652,13.388,45
7.6442,12.906,45
8.4892,12.367,45
9.2962,11.772,45
10.062,11.125,45
10.782,10.428,45
11.455,9.6844,45
12.076,8.8977,45
12.643,8.0712,45
13.154,7.2087,45
13.606,6.314,45
13.998,5.3911,45
14.327,4.4441,45
14.591,3.4773,45
14.791,2.4949,45
14.925,1.5014,45
14.992,0.50122,45
14.992,-0.50122,45
14.925,-1.5014,45
14.791,-2.4949,45
14.591,-3.4773,45
14.327,-4.4441,45
13.998,-5.3911,45
13.606,-6.314,45
13.154,-7.2087,45
12.643,-8.0712,45
12.076,-8.8977,45
11.455,-9.6844,45
10.782,-10.428,45
10.062,-11.125,45
9.2962,-11.772,45
8.4892,-12.367,45
7.6442,-12.906,45
6.7652,-13.388,45
5.8558,-13.81,45
4.9204,-14.17,45
3.9629,-14.467,45
2.9878,-14.699,45
1.9993,-14.866,45
1.0019,-14.967,45
1.837e-15,-15,45
-1.0019,-14.967,45
-1.9993,-14.866,45
-2.9878,-14.699,45
-3.9629,-14.467,45
-4.9204,-14.17,45
-5.8558,-13.81,45
-6.7652,-13.388,45
-7.6442,-12.906,45
-8.4892,-12.367,45
-9.2962,-11.772,45
-10.062,-11.125,45
-10.782,-10.428,45
-11.455,-9.6844,45
-12.076,-8.8977,45
-12.643,-8.0712,45
-13.154,-7.2087,45
-13.606,-6.314,45
-13.998,-5.3911,45
-14.327,-4.4441,45
-14.591,-3.4773,45
-14.791,-2.4949,45
-14.925,-1.5014,45
-14.992,-0.50122,45
-14.992,0.50122,45
-14.925,1.5014,45
-14.791,2.4949,45
-14.591,3.4773,45
-14.327,4.4441,45
-13.998,5.3911,45
-13.606,6.314,45
-13.154,7.2087,45
-12.643,8.0712,45
-12.076,8.8977,45
-11.455,9.6844,45
-10.782,10.428,45
-10.062,11.125,45
-9.2962,11.772,45
-8.4892,12.367,45
-7.6442,12.906,45
-6.7652,13.388,45
-5.8558,13.81,45
-4.9204,14.17,45
-3.9629,14.467,45
-2.9878,14.699,45
-1.9993,14.866,45
-1.0019,14.967,45
-3.6739e-15,15,45